STATIONS_ID;MESS_DATUM;QN_4;TT_TER;RF_TER;eor
       5705;2024103106;    9;    8.8;  91.0;eor
       5705;2024103112;    9;   13.0;  78.0;eor
       5705;2024103118;    9;   12.1;  83.0;eor
       5705;2024110106;    9;    8.9;  95.0;eor
       5705;2024110112;    9;    9.9;  89.0;eor
       5705;2024110118;    9;   10.0;  84.0;eor
       5705;2024110206;    9;    8.5;  88.0;eor
       5705;2024110212;    9;   12.3;  78.0;eor
       5705;2024110218;    9;    9.9;  87.0;eor
       5705;2024110306;    9;    4.0;  89.0;eor
       5705;2024110312;    9;   12.7;  63.0;eor
       5705;2024110318;    9;    8.2;  82.0;eor
       5705;2024110406;    9;    1.8;  97.0;eor
       5705;2024110412;    9;    5.2;  93.0;eor
       5705;2024110418;    9;    4.6;  94.0;eor
       5705;2024110506;    9;    0.7;  95.0;eor
       5705;2024110512;    9;    5.3;  90.0;eor
       5705;2024110518;    9;    5.9;  90.0;eor
       5705;2024110606;    9;    5.3;  96.0;eor
       5705;2024110612;    9;    6.2;  86.0;eor
       5705;2024110618;    9;    5.3;  89.0;eor
       5705;2024110706;    9;    4.5;  87.0;eor
       5705;2024110712;    9;    6.0;  81.0;eor
       5705;2024110718;    9;    6.0;  81.0;eor
       5705;2024110806;    9;    4.0;  91.0;eor
       5705;2024110812;    9;    6.2;  91.0;eor
       5705;2024110818;    9;    5.1;  85.0;eor
       5705;2024110906;    9;    4.8;  91.0;eor
       5705;2024110912;    9;    5.2;  88.0;eor
       5705;2024110918;    9;    5.1;  91.0;eor
       5705;2024111006;    9;    3.6;  95.0;eor
       5705;2024111012;    9;    4.3;  90.0;eor
       5705;2024111018;    9;    4.1;  94.0;eor
       5705;2024111106;    9;    3.8;  97.0;eor
       5705;2024111112;    9;    5.3;  91.0;eor
       5705;2024111118;    9;    5.5;  93.0;eor
       5705;2024111206;    9;    5.3;  95.0;eor
       5705;2024111212;    9;    6.7;  86.0;eor
       5705;2024111218;    9;    5.5;  82.0;eor
       5705;2024111306;    9;    3.1;  88.0;eor
       5705;2024111312;    9;    5.6;  76.0;eor
       5705;2024111318;    9;    4.3;  94.0;eor
       5705;2024111406;    9;    4.2;  93.0;eor
       5705;2024111412;    9;    5.2;  94.0;eor
       5705;2024111418;    9;    6.0;  95.0;eor
       5705;2024111506;    9;    5.8;  93.0;eor
       5705;2024111512;    9;    8.0;  80.0;eor
       5705;2024111518;    9;    6.9;  91.0;eor
       5705;2024111606;    9;    3.3;  91.0;eor
       5705;2024111612;    9;    6.0;  73.0;eor
       5705;2024111618;    9;    4.4;  80.0;eor
       5705;2024111706;    9;    3.5;  81.0;eor
       5705;2024111712;    9;    4.4;  85.0;eor
       5705;2024111718;    9;    5.0;  83.0;eor
       5705;2024111806;    9;    5.4;  90.0;eor
       5705;2024111812;    9;    5.0;  90.0;eor
       5705;2024111818;    9;    4.4;  95.0;eor
       5705;2024111906;    9;    8.0;  89.0;eor
       5705;2024111912;    9;   10.7;  75.0;eor
       5705;2024111918;    9;    9.2;  89.0;eor
       5705;2024112006;    9;    1.2;  82.0;eor
       5705;2024112012;    9;    3.8;  65.0;eor
       5705;2024112018;    9;    2.7;  68.0;eor
       5705;2024112106;    9;    0.9;  86.0;eor
       5705;2024112112;    9;    1.8;  69.0;eor
       5705;2024112118;    9;   -0.4;  80.0;eor
       5705;2024112206;    9;   -2.4;  82.0;eor
       5705;2024112212;    9;    1.4;  71.0;eor
       5705;2024112218;    9;    0.9;  81.0;eor
       5705;2024112306;    9;    1.5;  84.0;eor
       5705;2024112312;    9;    4.5;  69.0;eor
       5705;2024112318;    9;    3.0;  70.0;eor
       5705;2024112406;    9;    6.8;  73.0;eor
       5705;2024112412;    9;   14.6;  60.0;eor
       5705;2024112418;    9;   11.4;  77.0;eor
       5705;2024112506;    9;    6.0;  81.0;eor
       5705;2024112512;    9;   10.2;  77.0;eor
       5705;2024112518;    9;   10.4;  72.0;eor
       5705;2024112606;    9;    8.2;  89.0;eor
       5705;2024112612;    9;   10.2;  73.0;eor
       5705;2024112618;    9;    7.5;  85.0;eor
       5705;2024112706;    9;    3.4;  96.0;eor
       5705;2024112712;    9;   10.3;  74.0;eor
       5705;2024112718;    9;    8.9;  76.0;eor
       5705;2024112806;    9;    6.3;  70.0;eor
       5705;2024112812;    9;    8.3;  67.0;eor
       5705;2024112818;    9;    6.3;  69.0;eor
       5705;2024112906;    9;    3.0;  90.0;eor
       5705;2024112912;    9;    5.9;  69.0;eor
       5705;2024112918;    9;    2.9;  78.0;eor
       5705;2024113006;    9;   -2.0;  91.0;eor
       5705;2024113012;    9;    4.5;  68.0;eor
       5705;2024113018;    9;    1.3;  84.0;eor
       5705;2024120106;    9;   -3.9;  93.0;eor
       5705;2024120112;    9;   -1.1;  95.0;eor
       5705;2024120118;    9;   -0.5;  89.0;eor
       5705;2024120206;    9;    0.0;  88.0;eor
       5705;2024120212;    9;    2.1;  93.0;eor
       5705;2024120218;    9;    2.7;  92.0;eor
       5705;2024120306;    9;    3.7;  92.0;eor
       5705;2024120312;    9;    5.8;  87.0;eor
       5705;2024120318;    9;    4.2;  87.0;eor
       5705;2024120406;    9;   -0.2;  95.0;eor
       5705;2024120412;    9;    2.8;  83.0;eor
       5705;2024120418;    9;    1.9;  87.0;eor
       5705;2024120506;    9;    0.2;  93.0;eor
       5705;2024120512;    9;    4.0;  71.0;eor
       5705;2024120518;    9;    1.4;  91.0;eor
       5705;2024120606;    9;    7.5;  82.0;eor
       5705;2024120612;    9;    7.4;  68.0;eor
       5705;2024120618;    9;    6.4;  75.0;eor
       5705;2024120706;    9;    2.1;  87.0;eor
       5705;2024120712;    9;    3.4;  95.0;eor
       5705;2024120718;    9;    6.4;  91.0;eor
       5705;2024120806;    9;    2.0;  91.0;eor
       5705;2024120812;    9;    4.6;  83.0;eor
       5705;2024120818;    9;    4.4;  90.0;eor
       5705;2024120906;    9;    3.0;  82.0;eor
       5705;2024120912;    9;    4.2;  77.0;eor
       5705;2024120918;    9;    2.3;  82.0;eor
       5705;2024121006;    9;    2.7;  88.0;eor
       5705;2024121012;    9;    2.2;  91.0;eor
       5705;2024121018;    9;    2.3;  87.0;eor
       5705;2024121106;    9;    1.1;  87.0;eor
       5705;2024121112;    9;    1.4;  82.0;eor
       5705;2024121118;    9;    1.2;  84.0;eor
       5705;2024121206;    9;    0.7;  84.0;eor
       5705;2024121212;    9;    1.0;  80.0;eor
       5705;2024121218;    9;    0.0;  85.0;eor
       5705;2024121306;    9;   -0.8;  85.0;eor
       5705;2024121312;    9;    0.5;  83.0;eor
       5705;2024121318;    9;    0.6;  84.0;eor
       5705;2024121406;    9;   -0.8;  89.0;eor
       5705;2024121412;    9;    1.7;  80.0;eor
       5705;2024121418;    9;    0.5;  80.0;eor
       5705;2024121506;    9;    2.4;  84.0;eor
       5705;2024121512;    9;    2.8;  86.0;eor
       5705;2024121518;    9;    4.2;  87.0;eor
       5705;2024121606;    9;    6.0;  88.0;eor
       5705;2024121612;    9;    7.6;  85.0;eor
       5705;2024121618;    9;    7.3;  85.0;eor
       5705;2024121706;    9;    6.1;  92.0;eor
       5705;2024121712;    9;   -999;-999;eor
       5705;2024121718;    9;    5.7;  86.0;eor
       5705;2024121806;    9;    2.9;  96.0;eor
       5705;2024121812;    9;   10.1;  60.0;eor
       5705;2024121818;    9;    9.9;  62.0;eor
       5705;2024121906;    9;   10.8;  80.0;eor
       5705;2024121912;    9;   10.4;  90.0;eor
       5705;2024121918;    9;    6.2;  86.0;eor
       5705;2024122006;    9;    2.5;  87.0;eor
       5705;2024122012;    9;    4.4;  75.0;eor
       5705;2024122018;    9;    2.8;  76.0;eor
       5705;2024122106;    9;    2.9;  75.0;eor
       5705;2024122112;    9;    4.9;  77.0;eor
       5705;2024122118;    9;    5.8;  80.0;eor
       5705;2024122206;    9;    5.5;  93.0;eor
       5705;2024122212;    9;    6.7;  69.0;eor
       5705;2024122218;    9;    2.0;  80.0;eor
       5705;2024122306;    9;    0.5;  88.0;eor
       5705;2024122312;    9;    2.6;  86.0;eor
       5705;2024122318;    9;    3.4;  82.0;eor
       5705;2024122406;    9;    1.8;  86.0;eor
       5705;2024122412;    9;    4.1;  77.0;eor
       5705;2024122418;    9;    1.6;  88.0;eor
       5705;2024122506;    9;    0.0;  92.0;eor
       5705;2024122512;    9;    4.0;  76.0;eor
       5705;2024122518;    9;    2.1;  86.0;eor
       5705;2024122606;    9;   -2.3;  97.0;eor
       5705;2024122612;    9;    3.9;  71.0;eor
       5705;2024122618;    9;    0.4;  90.0;eor
       5705;2024122706;    9;   -4.1;  95.0;eor
       5705;2024122712;    9;    2.7;  72.0;eor
       5705;2024122718;    9;    0.3;  84.0;eor
       5705;2024122806;    9;   -4.9;  94.0;eor
       5705;2024122812;    9;   -1.8;  95.0;eor
       5705;2024122818;    9;   -1.3;  92.0;eor
       5705;2024122906;    9;   -2.2;  95.0;eor
       5705;2024122912;    9;   -1.8;  96.0;eor
       5705;2024122918;    9;   -1.1;  95.0;eor
       5705;2024123006;    9;   -1.9;  90.0;eor
       5705;2024123012;    9;   -1.2;  94.0;eor
       5705;2024123018;    9;   -1.7;  98.0;eor
       5705;2024123106;    9;   -3.1;  96.0;eor
       5705;2024123112;    9;   -2.3;  95.0;eor
       5705;2024123118;    9;   -2.9;  94.0;eor
       5705;2025010106;    9;   -0.3;  91.0;eor
       5705;2025010112;    9;    3.7;  67.0;eor
       5705;2025010118;    9;    6.7;  50.0;eor
       5705;2025010206;    9;    5.9;  74.0;eor
       5705;2025010212;    9;    0.1;  96.0;eor
       5705;2025010218;    9;    0.7;  94.0;eor
       5705;2025010306;    9;    0.9;  87.0;eor
       5705;2025010312;    9;    1.7;  69.0;eor
       5705;2025010318;    9;    0.0;  74.0;eor
       5705;2025010406;    9;   -1.3;  85.0;eor
       5705;2025010412;    9;    0.0;  81.0;eor
       5705;2025010418;    9;   -1.3;  86.0;eor
       5705;2025010506;    9;   -1.8;  92.0;eor
       5705;2025010512;    9;    0.2;  95.0;eor
       5705;2025010518;    9;    6.9;  96.0;eor
       5705;2025010606;    9;    6.2;  79.0;eor
       5705;2025010612;    9;   12.8;  56.0;eor
       5705;2025010618;    9;   10.0;  76.0;eor
       5705;2025010706;    9;    5.9;  65.0;eor
       5705;2025010712;    9;    6.8;  63.0;eor
       5705;2025010718;    9;    3.9;  66.0;eor
       5705;2025010806;    9;    2.3;  88.0;eor
       5705;2025010812;    9;    3.6;  83.0;eor
       5705;2025010818;    9;    0.1;  96.0;eor
       5705;2025010906;    9;    8.6;  84.0;eor
       5705;2025010912;    9;    9.6;  85.0;eor
       5705;2025010918;    9;    1.4;  85.0;eor
       5705;2025011006;    9;    0.5;  75.0;eor
       5705;2025011012;    9;    1.7;  72.0;eor
       5705;2025011018;    9;    1.0;  80.0;eor
       5705;2025011106;    9;   -0.6;  83.0;eor
       5705;2025011112;    9;    1.5;  67.0;eor
       5705;2025011118;    9;    0.9;  70.0;eor
       5705;2025011206;    9;   -1.6;  73.0;eor
       5705;2025011212;    9;    2.3;  55.0;eor
       5705;2025011218;    9;   -0.7;  72.0;eor
       5705;2025011306;    9;   -6.9;  90.0;eor
       5705;2025011312;    9;   -0.9;  67.0;eor
       5705;2025011318;    9;   -2.2;  75.0;eor
       5705;2025011406;    9;   -5.6;  90.0;eor
       5705;2025011412;    9;   -0.5;  68.0;eor
       5705;2025011418;    9;   -1.1;  77.0;eor
       5705;2025011506;    9;    0.9;  90.0;eor
       5705;2025011512;    9;    2.4;  86.0;eor
       5705;2025011518;    9;    2.3;  90.0;eor
       5705;2025011606;    9;    2.3;  85.0;eor
       5705;2025011612;    9;    6.2;  65.0;eor
       5705;2025011618;    9;    1.5;  85.0;eor
       5705;2025011706;    9;   -1.1;  96.0;eor
       5705;2025011712;    9;   -0.3;  93.0;eor
       5705;2025011718;    9;   -0.4;  90.0;eor
       5705;2025011806;    9;   -0.3;  86.0;eor
       5705;2025011812;    9;    3.1;  69.0;eor
       5705;2025011818;    9;    0.6;  84.0;eor
       5705;2025011906;    9;   -3.1;  93.0;eor
       5705;2025011912;    9;    4.8;  61.0;eor
       5705;2025011918;    9;    3.2;  71.0;eor
       5705;2025012006;    9;   -3.3;  94.0;eor
       5705;2025012012;    9;    1.4;  73.0;eor
       5705;2025012018;    9;   -0.6;  87.0;eor
       5705;2025012106;    9;   -4.8;  92.0;eor
       5705;2025012112;    9;   -2.8;  95.0;eor
       5705;2025012118;    9;   -2.6;  95.0;eor
       5705;2025012206;    9;   -5.6;  92.0;eor
       5705;2025012212;    9;    0.4;  81.0;eor
       5705;2025012218;    9;    1.8;  83.0;eor
       5705;2025012306;    9;    3.8;  88.0;eor
       5705;2025012312;    9;    5.6;  75.0;eor
       5705;2025012318;    9;    3.4;  73.0;eor
       5705;2025012406;    9;    4.0;  86.0;eor
       5705;2025012412;    9;    8.1;  70.0;eor
       5705;2025012418;    9;    7.8;  65.0;eor
       5705;2025012506;    9;    7.6;  62.0;eor
       5705;2025012512;    9;   13.1;  50.0;eor
       5705;2025012518;    9;   12.2;  66.0;eor
       5705;2025012606;    9;    8.1;  75.0;eor
       5705;2025012612;    9;    7.0;  64.0;eor
       5705;2025012618;    9;    2.3;  79.0;eor
       5705;2025012706;    9;    7.2;  82.0;eor
       5705;2025012712;    9;   11.2;  79.0;eor
       5705;2025012718;    9;    9.9;  70.0;eor
       5705;2025012806;    9;    4.9;  87.0;eor
       5705;2025012812;    9;    7.3;  81.0;eor
       5705;2025012818;    9;    5.9;  81.0;eor
       5705;2025012906;    9;    6.2;  90.0;eor
       5705;2025012912;    9;    7.3;  79.0;eor
       5705;2025012918;    9;    5.9;  73.0;eor
       5705;2025013006;    9;    1.4;  88.0;eor
       5705;2025013012;    9;    7.0;  73.0;eor
       5705;2025013018;    9;    7.9;  76.0;eor
       5705;2025013106;    9;    1.3;  87.0;eor
       5705;2025013112;    9;    4.9;  57.0;eor
       5705;2025013118;    9;    2.2;  73.0;eor
       5705;2025020106;    9;   -3.3;  92.0;eor
       5705;2025020112;    9;    4.2;  60.0;eor
       5705;2025020118;    9;    1.0;  73.0;eor
       5705;2025020206;    9;   -4.0;  91.0;eor
       5705;2025020212;    9;    2.7;  62.0;eor
       5705;2025020218;    9;    0.5;  78.0;eor
       5705;2025020306;    9;   -5.6;  92.0;eor
       5705;2025020312;    9;   -1.0;  89.0;eor
       5705;2025020318;    9;   -1.3;  85.0;eor
       5705;2025020406;    9;   -3.1;  94.0;eor
       5705;2025020412;    9;   -2.3;  81.0;eor
       5705;2025020418;    9;   -1.8;  83.0;eor
       5705;2025020506;    9;   -3.7;  96.0;eor
       5705;2025020512;    9;   -1.6;  92.0;eor
       5705;2025020518;    9;    0.2;  95.0;eor
       5705;2025020606;    9;    0.1;  90.0;eor
       5705;2025020612;    9;    2.4;  74.0;eor
       5705;2025020618;    9;    2.2;  77.0;eor
       5705;2025020706;    9;    2.5;  68.0;eor
       5705;2025020712;    9;    4.1;  65.0;eor
       5705;2025020718;    9;    1.7;  72.0;eor
       5705;2025020806;    9;   -2.1;  87.0;eor
       5705;2025020812;    9;    5.4;  57.0;eor
       5705;2025020818;    9;    3.0;  70.0;eor
       5705;2025020906;    9;   -2.8;  92.0;eor
       5705;2025020912;    9;    1.1;  76.0;eor
       5705;2025020918;    9;    1.1;  79.0;eor
       5705;2025021006;    9;   -0.7;  90.0;eor
       5705;2025021012;    9;    4.4;  70.0;eor
       5705;2025021018;    9;    4.2;  69.0;eor
       5705;2025021106;    9;    2.0;  88.0;eor
       5705;2025021112;    9;    5.2;  79.0;eor
       5705;2025021118;    9;    3.7;  81.0;eor
       5705;2025021206;    9;    2.4;  93.0;eor
       5705;2025021212;    9;    4.4;  93.0;eor
       5705;2025021218;    9;    3.9;  96.0;eor
       5705;2025021306;    9;    2.0;  94.0;eor
       5705;2025021312;    9;    2.7;  83.0;eor
       5705;2025021318;    9;    1.0;  84.0;eor
       5705;2025021406;    9;   -1.3;  81.0;eor
       5705;2025021412;    9;    0.6;  71.0;eor
       5705;2025021418;    9;    0.1;  72.0;eor
       5705;2025021506;    9;   -1.2;  76.0;eor
       5705;2025021512;    9;    0.0;  69.0;eor
       5705;2025021518;    9;   -1.4;  73.0;eor
       5705;2025021606;    9;   -2.1;  72.0;eor
       5705;2025021612;    9;    0.5;  65.0;eor
       5705;2025021618;    9;   -0.4;  66.0;eor
       5705;2025021706;    9;   -6.3;  82.0;eor
       5705;2025021712;    9;    1.0;  53.0;eor
       5705;2025021718;    9;   -1.5;  65.0;eor
       5705;2025021806;    9;   -7.9;  84.0;eor
       5705;2025021812;    9;    1.2;  56.0;eor
       5705;2025021818;    9;   -0.3;  51.0;eor
       5705;2025021906;    9;   -6.7;  72.0;eor
       5705;2025021912;    9;    2.0;  40.0;eor
       5705;2025021918;    9;    0.6;  45.0;eor
       5705;2025022006;    9;   -0.6;  61.0;eor
       5705;2025022012;    9;    2.5;  58.0;eor
       5705;2025022018;    9;    2.3;  66.0;eor
       5705;2025022106;    9;    1.9;  89.0;eor
       5705;2025022112;    9;   10.6;  71.0;eor
       5705;2025022118;    9;   10.1;  71.0;eor
       5705;2025022206;    9;    3.1;  79.0;eor
       5705;2025022212;    9;    7.6;  61.0;eor
       5705;2025022218;    9;    9.2;  68.0;eor
       5705;2025022306;    9;    8.3;  86.0;eor
       5705;2025022312;    9;   13.6;  53.0;eor
       5705;2025022318;    9;    9.9;  71.0;eor
       5705;2025022406;    9;    1.2;  94.0;eor
       5705;2025022412;    9;   10.1;  72.0;eor
       5705;2025022418;    9;    9.3;  80.0;eor
       5705;2025022506;    9;    7.9;  93.0;eor
       5705;2025022512;    9;   11.2;  74.0;eor
       5705;2025022518;    9;    8.0;  95.0;eor
       5705;2025022606;    9;    4.6;  89.0;eor
       5705;2025022612;    9;    7.1;  89.0;eor
       5705;2025022618;    9;    5.4;  80.0;eor
       5705;2025022706;    9;    2.4;  89.0;eor
       5705;2025022712;    9;    5.9;  86.0;eor
       5705;2025022718;    9;    3.7;  85.0;eor
       5705;2025022806;    9;    2.1;  91.0;eor
       5705;2025022812;    9;    5.3;  77.0;eor
       5705;2025022818;    9;    3.3;  84.0;eor
       5705;2025030106;    9;   -2.2;  98.0;eor
       5705;2025030112;    9;    4.3;  82.0;eor
       5705;2025030118;    9;    4.2;  76.0;eor
       5705;2025030206;    9;   -2.1;  93.0;eor
       5705;2025030212;    9;    6.8;  60.0;eor
       5705;2025030218;    9;    5.0;  63.0;eor
       5705;2025030306;    9;   -2.6;  92.0;eor
       5705;2025030312;    9;    8.7;  52.0;eor
       5705;2025030318;    9;    7.6;  46.0;eor
       5705;2025030406;    9;   -1.2;  83.0;eor
       5705;2025030412;    9;    8.7;  51.0;eor
       5705;2025030418;    9;    8.0;  44.0;eor
       5705;2025030506;    9;   -2.8;  89.0;eor
       5705;2025030512;    9;   12.1;  45.0;eor
       5705;2025030518;    9;   11.5;  49.0;eor
       5705;2025030606;    9;   -1.3;  90.0;eor
       5705;2025030612;    9;   14.2;  46.0;eor
       5705;2025030618;    9;   12.1;  42.0;eor
       5705;2025030706;    9;   -0.4;  89.0;eor
       5705;2025030712;    9;   13.3;  44.0;eor
       5705;2025030718;    9;   13.9;  40.0;eor
       5705;2025030806;    9;    0.7;  81.0;eor
       5705;2025030812;    9;   15.1;  44.0;eor
       5705;2025030818;    9;   12.8;  41.0;eor
       5705;2025030906;    9;    0.8;  89.0;eor
       5705;2025030912;    9;   14.8;  41.0;eor
       5705;2025030918;    9;   13.7;  40.0;eor
       5705;2025031006;    9;    1.5;  81.0;eor
       5705;2025031012;    9;   15.1;  39.0;eor
       5705;2025031018;    9;   11.1;  72.0;eor
       5705;2025031106;    9;    5.9;  96.0;eor
       5705;2025031112;    9;   12.0;  68.0;eor
       5705;2025031118;    9;   10.0;  75.0;eor
       5705;2025031206;    9;    5.2;  92.0;eor
       5705;2025031212;    9;    5.8;  90.0;eor
       5705;2025031218;    9;    5.1;  91.0;eor
       5705;2025031306;    9;    1.4;  93.0;eor
       5705;2025031312;    9;    6.0;  69.0;eor
       5705;2025031318;    9;    4.6;  78.0;eor
       5705;2025031406;    9;    2.3;  93.0;eor
       5705;2025031412;    9;    4.3;  83.0;eor
       5705;2025031418;    9;    4.8;  76.0;eor
       5705;2025031506;    9;    2.0;  79.0;eor
       5705;2025031512;    9;    7.1;  62.0;eor
       5705;2025031518;    9;    6.4;  65.0;eor
       5705;2025031606;    9;    0.4;  78.0;eor
       5705;2025031612;    9;    9.2;  33.0;eor
       5705;2025031618;    9;    5.8;  54.0;eor
       5705;2025031706;    9;   -0.1;  76.0;eor
       5705;2025031712;    9;    7.7;  42.0;eor
       5705;2025031718;    9;    2.9;  45.0;eor
       5705;2025031806;    9;   -3.0;  61.0;eor
       5705;2025031812;    9;    7.8;  31.0;eor
       5705;2025031818;    9;    6.1;  34.0;eor
       5705;2025031906;    9;   -2.5;  69.0;eor
       5705;2025031912;    9;    9.7;  39.0;eor
       5705;2025031918;    9;   11.4;  41.0;eor
       5705;2025032006;    9;   -0.7;  82.0;eor
       5705;2025032012;    9;   14.4;  40.0;eor
       5705;2025032018;    9;   15.5;  39.0;eor
       5705;2025032106;    9;    2.9;  81.0;eor
       5705;2025032112;    9;   19.4;  36.0;eor
       5705;2025032118;    9;   16.6;  39.0;eor
       5705;2025032206;    9;    8.2;  57.0;eor
       5705;2025032212;    9;   15.3;  44.0;eor
       5705;2025032218;    9;   13.9;  50.0;eor
       5705;2025032306;    9;    7.3;  74.0;eor
       5705;2025032312;    9;   13.9;  55.0;eor
       5705;2025032318;    9;   12.2;  82.0;eor
       5705;2025032406;    9;    8.8;  91.0;eor
       5705;2025032412;    9;   13.5;  79.0;eor
       5705;2025032418;    9;    9.9;  86.0;eor
       5705;2025032506;    9;    5.0; 100.0;eor
       5705;2025032512;    9;   13.6;  71.0;eor
       5705;2025032518;    9;   12.9;  57.0;eor
       5705;2025032606;    9;    7.7;  76.0;eor
       5705;2025032612;    9;    9.0;  80.0;eor
       5705;2025032618;    9;    8.5;  71.0;eor
       5705;2025032706;    9;    4.1;  86.0;eor
       5705;2025032712;    9;   13.0;  52.0;eor
       5705;2025032718;    9;   11.2;  52.0;eor
       5705;2025032806;    9;    2.0;  86.0;eor
       5705;2025032812;    9;   13.3;  48.0;eor
       5705;2025032818;    9;   13.0;  44.0;eor
       5705;2025032906;    9;    8.4;  67.0;eor
       5705;2025032912;    9;   12.9;  55.0;eor
       5705;2025032918;    9;   10.9;  55.0;eor
       5705;2025033006;    9;    2.2;  80.0;eor
       5705;2025033012;    9;    9.0;  65.0;eor
       5705;2025033018;    9;   10.1;  65.0;eor
       5705;2025033106;    9;    5.4;  83.0;eor
       5705;2025033112;    9;    8.3;  57.0;eor
       5705;2025033118;    9;    8.5;  58.0;eor
       5705;2025040106;    9;    5.1;  74.0;eor
       5705;2025040112;    9;   10.8;  49.0;eor
       5705;2025040118;    9;    9.2;  52.0;eor
       5705;2025040206;    9;    5.6;  74.0;eor
       5705;2025040212;    9;   15.2;  47.0;eor
       5705;2025040218;    9;   13.9;  46.0;eor
       5705;2025040306;    9;    6.8;  70.0;eor
       5705;2025040312;    9;   17.9;  36.0;eor
       5705;2025040318;    9;   15.8;  39.0;eor
       5705;2025040406;    9;    7.3;  74.0;eor
       5705;2025040412;    9;   19.2;  40.0;eor
       5705;2025040418;    9;   18.1;  38.0;eor
       5705;2025040506;    9;    7.6;  73.0;eor
       5705;2025040512;    9;   19.9;  40.0;eor
       5705;2025040518;    9;   11.4;  42.0;eor
       5705;2025040606;    9;    1.1;  48.0;eor
       5705;2025040612;    9;    7.7;  33.0;eor
       5705;2025040618;    9;    6.2;  40.0;eor
       5705;2025040706;    9;   -0.2;  64.0;eor
       5705;2025040712;    9;   11.0;  38.0;eor
       5705;2025040718;    9;    9.4;  41.0;eor
       5705;2025040806;    9;    1.7;  71.0;eor
       5705;2025040812;    9;   12.7;  38.0;eor
       5705;2025040818;    9;   11.9;  38.0;eor
       5705;2025040906;    9;    2.5;  83.0;eor
       5705;2025040912;    9;   14.4;  30.0;eor
       5705;2025040918;    9;   13.3;  38.0;eor
       5705;2025041006;    9;    5.3;  76.0;eor
       5705;2025041012;    9;    9.9;  57.0;eor
       5705;2025041018;    9;   11.7;  52.0;eor
       5705;2025041106;    9;    4.1;  79.0;eor
       5705;2025041112;    9;   17.5;  36.0;eor
       5705;2025041118;    9;   16.9;  37.0;eor
       5705;2025041206;    9;    5.3;  77.0;eor
       5705;2025041212;    9;   20.0;  33.0;eor
       5705;2025041218;    9;   18.8;  36.0;eor
       5705;2025041306;    9;   11.1;  69.0;eor
       5705;2025041312;    9;   18.0;  55.0;eor
       5705;2025041318;    9;   16.5;  59.0;eor
       5705;2025041406;    9;    9.4;  91.0;eor
       5705;2025041412;    9;   16.5;  65.0;eor
       5705;2025041418;    9;   16.2;  59.0;eor
       5705;2025041506;    9;   10.5;  83.0;eor
       5705;2025041512;    9;   21.7;  50.0;eor
       5705;2025041518;    9;   16.1;  68.0;eor
       5705;2025041606;    9;   10.1;  87.0;eor
       5705;2025041612;    9;   24.0;  36.0;eor
       5705;2025041618;    9;   16.1;  69.0;eor
       5705;2025041706;    9;   10.1;  91.0;eor
       5705;2025041712;    9;   12.7;  79.0;eor
       5705;2025041718;    9;   10.3;  81.0;eor
       5705;2025041806;    9;    7.6;  95.0;eor
       5705;2025041812;    9;    9.0;  78.0;eor
       5705;2025041818;    9;    7.9;  80.0;eor
       5705;2025041906;    9;    7.5;  88.0;eor
       5705;2025041912;    9;   14.5;  54.0;eor
       5705;2025041918;    9;   13.8;  59.0;eor
       5705;2025042006;    9;    6.8;  83.0;eor
       5705;2025042012;    9;   19.8;  53.0;eor
       5705;2025042018;    9;   13.7;  54.0;eor
       5705;2025042106;    9;    5.3;  96.0;eor
       5705;2025042112;    9;   17.9;  43.0;eor
       5705;2025042118;    9;   10.7;  88.0;eor
       5705;2025042206;    9;    8.4;  93.0;eor
       5705;2025042212;    9;   14.7;  62.0;eor
       5705;2025042218;    9;   14.2;  70.0;eor
       5705;2025042306;    9;    8.4;  95.0;eor
       5705;2025042312;    9;   19.2;  43.0;eor
       5705;2025042318;    9;   14.1;  77.0;eor
       5705;2025042406;    9;    8.6;  91.0;eor
       5705;2025042412;    9;   11.8;  73.0;eor
       5705;2025042418;    9;   13.1;  66.0;eor
       5705;2025042506;    9;    8.9;  94.0;eor
       5705;2025042512;    9;   10.9;  89.0;eor
       5705;2025042518;    9;   10.0;  85.0;eor
       5705;2025042606;    9;    7.7;  84.0;eor
       5705;2025042612;    9;   16.0;  61.0;eor
       5705;2025042618;    9;   15.1;  48.0;eor
       5705;2025042706;    9;    7.7;  69.0;eor
       5705;2025042712;    9;   17.1;  46.0;eor
       5705;2025042718;    9;   16.7;  36.0;eor
       5705;2025042806;    9;    8.1;  74.0;eor
       5705;2025042812;    9;   20.0;  35.0;eor
       5705;2025042818;    9;   19.4;  35.0;eor
       5705;2025042906;    9;   10.2;  69.0;eor
       5705;2025042912;    9;   21.9;  36.0;eor
       5705;2025042918;    9;   20.9;  34.0;eor
       5705;2025043006;    9;   11.5;  70.0;eor
       5705;2025043012;    9;   23.1;  32.0;eor
       5705;2025043018;    9;   22.4;  31.0;eor
       5705;2025050106;    9;   11.9;  76.0;eor
       5705;2025050112;    9;   24.8;  34.0;eor
       5705;2025050118;    9;   23.8;  37.0;eor
       5705;2025050206;    9;   12.6;  75.0;eor
       5705;2025050212;    9;   26.8;  32.0;eor
       5705;2025050218;    9;   25.1;  36.0;eor
       5705;2025050306;    9;   17.4;  59.0;eor
       5705;2025050312;    9;   17.4;  80.0;eor
       5705;2025050318;    9;   14.0;  83.0;eor
       5705;2025050406;    9;    9.5;  82.0;eor
       5705;2025050412;    9;   12.8;  51.0;eor
       5705;2025050418;    9;   12.1;  54.0;eor
       5705;2025050506;    9;    7.9;  70.0;eor
       5705;2025050512;    9;   14.7;  49.0;eor
       5705;2025050518;    9;   12.4;  50.0;eor
       5705;2025050606;    9;    7.5;  63.0;eor
       5705;2025050612;    9;   13.9;  39.0;eor
       5705;2025050618;    9;   14.4;  38.0;eor
       5705;2025050706;    9;    8.2;  75.0;eor
       5705;2025050712;    9;   14.9;  47.0;eor
       5705;2025050718;    9;   12.6;  57.0;eor
       5705;2025050806;    9;    7.7;  62.0;eor
       5705;2025050812;    9;   14.5;  35.0;eor
       5705;2025050818;    9;   12.6;  43.0;eor
       5705;2025050906;    9;    7.8;  57.0;eor
       5705;2025050912;    9;   16.4;  34.0;eor
       5705;2025050918;    9;   14.9;  36.0;eor
       5705;2025051006;    9;    7.8;  66.0;eor
       5705;2025051012;    9;   18.2;  29.0;eor
       5705;2025051018;    9;   17.7;  33.0;eor
       5705;2025051106;    9;   10.9;  67.0;eor
       5705;2025051112;    9;   21.8;  37.0;eor
       5705;2025051118;    9;   19.4;  34.0;eor
       5705;2025051206;    9;   11.3;  61.0;eor
       5705;2025051212;    9;   19.1;  35.0;eor
       5705;2025051218;    9;   18.6;  28.0;eor
       5705;2025051306;    9;   10.3;  54.0;eor
       5705;2025051312;    9;   19.5;  31.0;eor
       5705;2025051318;    9;   19.0;  29.0;eor
       5705;2025051406;    9;   10.5;  65.0;eor
       5705;2025051412;    9;   22.4;  27.0;eor
       5705;2025051418;    9;   21.7;  29.0;eor
       5705;2025051506;    9;   12.0;  57.0;eor
       5705;2025051512;    9;   17.1;  33.0;eor
       5705;2025051518;    9;   15.4;  31.0;eor
       5705;2025051606;    9;    8.7;  61.0;eor
       5705;2025051612;    9;   16.2;  34.0;eor
       5705;2025051618;    9;   15.8;  42.0;eor
       5705;2025051706;    9;    7.2;  96.0;eor
       5705;2025051712;    9;   15.8;  52.0;eor
       5705;2025051718;    9;   15.7;  44.0;eor
       5705;2025051806;    9;   11.5;  67.0;eor
       5705;2025051812;    9;   17.4;  47.0;eor
       5705;2025051818;    9;   16.0;  51.0;eor
       5705;2025051906;    9;    9.7;  77.0;eor
       5705;2025051912;    9;   18.0;  42.0;eor
       5705;2025051918;    9;   18.6;  42.0;eor
       5705;2025052006;    9;   10.8;  75.0;eor
       5705;2025052012;    9;   20.5;  38.0;eor
       5705;2025052018;    9;   20.6;  41.0;eor
       5705;2025052106;    9;   12.7;  76.0;eor
       5705;2025052112;    9;   15.5;  84.0;eor
       5705;2025052118;    9;   14.0;  71.0;eor
       5705;2025052206;    9;   10.9;  82.0;eor
       5705;2025052212;    9;   14.5;  48.0;eor
       5705;2025052218;    9;   13.6;  42.0;eor
       5705;2025052306;    9;    7.7;  60.0;eor
       5705;2025052312;    9;   14.5;  34.0;eor
       5705;2025052318;    9;   13.1;  40.0;eor
       5705;2025052406;    9;    8.3;  65.0;eor
       5705;2025052412;    9;   17.2;  34.0;eor
       5705;2025052418;    9;   15.4;  38.0;eor
       5705;2025052506;    9;   10.8;  89.0;eor
       5705;2025052512;    9;   15.6;  75.0;eor
       5705;2025052518;    9;   18.4;  62.0;eor
       5705;2025052606;    9;   12.4;  82.0;eor
       5705;2025052612;    9;   18.0;  47.0;eor
       5705;2025052618;    9;   16.8;  43.0;eor
       5705;2025052706;    9;   12.5;  66.0;eor
       5705;2025052712;    9;   18.5;  45.0;eor
       5705;2025052718;    9;   18.7;  50.0;eor
       5705;2025052806;    9;   13.3;  94.0;eor
       5705;2025052812;    9;   17.3;  77.0;eor
       5705;2025052818;    9;   14.7;  85.0;eor
       5705;2025052906;    9;   13.0;  81.0;eor
       5705;2025052912;    9;   18.8;  51.0;eor
       5705;2025052918;    9;   17.6;  65.0;eor
       5705;2025053006;    9;   16.5;  75.0;eor
       5705;2025053012;    9;   23.6;  50.0;eor
       5705;2025053018;    9;   25.2;  48.0;eor
       5705;2025053106;    9;   18.1;  72.0;eor
       5705;2025053112;    9;   28.4;  41.0;eor
       5705;2025053118;    9;   17.4;  89.0;eor
       5705;2025060106;    9;   15.9;  96.0;eor
       5705;2025060112;    9;   25.1;  60.0;eor
       5705;2025060118;    9;   20.3;  82.0;eor
       5705;2025060206;    9;   15.9;  82.0;eor
       5705;2025060212;    9;   20.7;  60.0;eor
       5705;2025060218;    9;   18.8;  75.0;eor
       5705;2025060306;    9;   14.3;  91.0;eor
       5705;2025060312;    9;   21.6;  58.0;eor
       5705;2025060318;    9;   22.4;  53.0;eor
       5705;2025060406;    9;   15.8;  87.0;eor
       5705;2025060412;    9;   18.4;  87.0;eor
       5705;2025060418;    9;   16.7;  94.0;eor
       5705;2025060506;    9;   15.4;  85.0;eor
       5705;2025060512;    9;   19.8;  52.0;eor
       5705;2025060518;    9;   18.4;  55.0;eor
       5705;2025060606;    9;   16.5;  82.0;eor
       5705;2025060612;    9;   20.4;  67.0;eor
       5705;2025060618;    9;   17.8;  75.0;eor
       5705;2025060706;    9;   16.0;  88.0;eor
       5705;2025060712;    9;   19.1;  59.0;eor
       5705;2025060718;    9;   16.3;  81.0;eor
       5705;2025060806;    9;   13.8;  91.0;eor
       5705;2025060812;    9;   15.4;  71.0;eor
       5705;2025060818;    9;   12.9;  79.0;eor
       5705;2025060906;    9;    9.2;  83.0;eor
       5705;2025060912;    9;   17.8;  51.0;eor
       5705;2025060918;    9;   17.8;  46.0;eor
       5705;2025061006;    9;   10.2;  85.0;eor
       5705;2025061012;    9;   20.4;  56.0;eor
       5705;2025061018;    9;   21.7;  48.0;eor
       5705;2025061106;    9;   14.3;  66.0;eor
       5705;2025061112;    9;   19.5;  48.0;eor
       5705;2025061118;    9;   20.0;  43.0;eor
       5705;2025061206;    9;   14.7;  68.0;eor
       5705;2025061212;    9;   24.7;  41.0;eor
       5705;2025061218;    9;   24.5;  42.0;eor
       5705;2025061306;    9;   17.7;  62.0;eor
       5705;2025061312;    9;   28.0;  35.0;eor
       5705;2025061318;    9;   27.5;  37.0;eor
       5705;2025061406;    9;   19.8;  63.0;eor
       5705;2025061412;    9;   30.6;  34.0;eor
       5705;2025061418;    9;   30.5;-999;eor
       5705;2025061506;    9;   20.5;-999;eor
       5705;2025061512;    9;   25.6;-999;eor
       5705;2025061518;    9;   20.6;-999;eor
       5705;2025061606;    9;   16.1;-999;eor
       5705;2025061612;    9;   22.0;  46.0;eor
       5705;2025061618;    9;   21.8;  44.0;eor
       5705;2025061706;    9;   14.7;  80.0;eor
       5705;2025061712;    9;   24.8;-999;eor
       5705;2025061718;    9;   24.5;-999;eor
       5705;2025061806;    9;   16.4;  79.0;eor
       5705;2025061812;    9;   27.0;  40.0;eor
       5705;2025061818;    9;   26.3;  38.0;eor
       5705;2025061906;    9;   18.9;  66.0;eor
       5705;2025061912;    9;   27.3;  36.0;eor
       5705;2025061918;    9;   25.0;  40.0;eor
       5705;2025062006;    9;   16.0;  61.0;eor
       5705;2025062012;    9;   23.9;  34.0;eor
       5705;2025062018;    9;   25.1;  27.0;eor
       5705;2025062106;    9;   17.2;  56.0;eor
       5705;2025062112;    9;   27.4;  28.0;eor
       5705;2025062118;    9;   27.5;-999;eor
       5705;2025062206;    9;   18.3;-999;eor
       5705;2025062212;    9;   32.1;  25.0;eor
       5705;2025062218;    9;   31.1;-999;eor
       5705;2025062306;    9;   21.7;  62.0;eor
       5705;2025062312;    9;   27.3;  40.0;eor
       5705;2025062318;    9;   22.1;  49.0;eor
       5705;2025062406;    9;   17.6;  58.0;eor
       5705;2025062412;    9;   25.8;  29.0;eor
       5705;2025062418;    9;   26.5;  35.0;eor
       5705;2025062506;    9;   21.4;  57.0;eor
       5705;2025062512;    9;   30.0;  33.0;eor
       5705;2025062518;    9;   30.1;  32.0;eor
       5705;2025062606;    9;   20.7;  73.0;eor
       5705;2025062612;    9;   29.9;  39.0;eor
       5705;2025062618;    9;   24.7;  49.0;eor
       5705;2025062706;    9;   21.1;  72.0;eor
       5705;2025062712;    9;   19.0;  80.0;eor
       5705;2025062718;    9;   22.9;  63.0;eor
       5705;2025062806;    9;   20.7;  72.0;eor
       5705;2025062812;    9;   28.7;  44.0;eor
       5705;2025062818;    9;   29.5;  41.0;eor
       5705;2025062906;    9;   21.1;  68.0;eor
       5705;2025062912;    9;   31.6;  38.0;eor
       5705;2025062918;    9;   31.0;  33.0;eor
       5705;2025063006;    9;   21.9;  67.0;eor
       5705;2025063012;    9;   30.3;  33.0;eor
       5705;2025063018;    9;   30.4;  31.0;eor
       5705;2025070106;    9;   21.9;  42.0;eor
       5705;2025070112;    9;   34.3;  32.0;eor
       5705;2025070118;    9;   28.1;  52.0;eor
       5705;2025070206;    9;   21.9;  70.0;eor
       5705;2025070212;    9;   36.6;  26.0;eor
       5705;2025070218;    9;   34.4;  26.0;eor
       5705;2025070306;    9;   21.5;  75.0;eor
       5705;2025070312;    9;   21.5;  67.0;eor
       5705;2025070318;    9;   24.2;  50.0;eor
       5705;2025070406;    9;   17.9;  53.0;eor
       5705;2025070412;    9;   26.2;  28.0;eor
       5705;2025070418;    9;   25.9;  28.0;eor
       5705;2025070506;    9;   17.6;  59.0;eor
       5705;2025070512;    9;   28.2;  29.0;eor
       5705;2025070518;    9;   26.9;  25.0;eor
       5705;2025070606;    9;   18.3;  53.0;eor
       5705;2025070612;    9;   23.3;  35.0;eor
       5705;2025070618;    9;   22.4;  42.0;eor
       5705;2025070706;    9;   15.2;  87.0;eor
       5705;2025070712;    9;   20.0;  59.0;eor
       5705;2025070718;    9;   16.2;  81.0;eor
       5705;2025070806;    9;   13.2;  77.0;eor
       5705;2025070812;    9;   16.6;  57.0;eor
       5705;2025070818;    9;   16.9;  55.0;eor
       5705;2025070906;    9;   12.8;  82.0;eor
       5705;2025070912;    9;   16.5;  69.0;eor
       5705;2025070918;    9;   19.6;  50.0;eor
       5705;2025071006;    9;   15.7;  70.0;eor
       5705;2025071012;    9;   23.2;  40.0;eor
       5705;2025071018;    9;   24.5;  28.0;eor
       5705;2025071106;    9;   16.4;  71.0;eor
       5705;2025071112;    9;   23.0;  47.0;eor
       5705;2025071118;    9;   21.4;  48.0;eor
       5705;2025071206;    9;   17.7;  65.0;eor
       5705;2025071212;    9;   21.8;  47.0;eor
       5705;2025071218;    9;   21.6;  47.0;eor
       5705;2025071306;    9;   18.1;  69.0;eor
       5705;2025071312;    9;   25.4;  39.0;eor
       5705;2025071318;    9;   25.5;  41.0;eor
       5705;2025071406;    9;   18.5;  68.0;eor
       5705;2025071412;    9;   21.3;  81.0;eor
       5705;2025071418;    9;   19.8;  89.0;eor
       5705;2025071506;    9;   18.5;  88.0;eor
       5705;2025071512;    9;   19.9;  87.0;eor
       5705;2025071518;    9;   22.6;  41.0;eor
       5705;2025071606;    9;   16.0;  67.0;eor
       5705;2025071612;    9;   18.6;  78.0;eor
       5705;2025071618;    9;   16.7;  72.0;eor
       5705;2025071706;    9;   15.7;  79.0;eor
       5705;2025071712;    9;   20.7;  53.0;eor
       5705;2025071718;    9;   21.5;  49.0;eor
       5705;2025071806;    9;   16.0;  74.0;eor
       5705;2025071812;    9;   24.6;  43.0;eor
       5705;2025071818;    9;   23.9;  52.0;eor
       5705;2025071906;    9;   16.5;  80.0;eor
       5705;2025071912;    9;   29.4;  35.0;eor
       5705;2025071918;    9;   28.6;  38.0;eor
       5705;2025072006;    9;   19.1;  79.0;eor
       5705;2025072012;    9;   29.2;  40.0;eor
       5705;2025072018;    9;   28.6;  41.0;eor
       5705;2025072106;    9;   18.4;  84.0;eor
       5705;2025072112;    9;   18.7;  88.0;eor
       5705;2025072118;    9;   15.8;  91.0;eor
       5705;2025072206;    9;   15.1;  86.0;eor
       5705;2025072212;    9;   18.8;  77.0;eor
       5705;2025072218;    9;   19.7;  69.0;eor
       5705;2025072306;    9;   15.4;  87.0;eor
       5705;2025072312;    9;   22.2;  57.0;eor
       5705;2025072318;    9;   21.4;  50.0;eor
       5705;2025072406;    9;   15.8;  88.0;eor
       5705;2025072412;    9;   24.0;  41.0;eor
       5705;2025072418;    9;   18.7;  67.0;eor
       5705;2025072506;    9;   16.3;  88.0;eor
       5705;2025072512;    9;   25.9;  46.0;eor
       5705;2025072518;    9;   17.5;  92.0;eor
       5705;2025072606;    9;   17.1;  88.0;eor
       5705;2025072612;    9;   20.9;  78.0;eor
       5705;2025072618;    9;   21.0;  77.0;eor
       5705;2025072706;    9;   16.3;  94.0;eor
       5705;2025072712;    9;   19.9;  83.0;eor
       5705;2025072718;    9;   17.7;  80.0;eor
       5705;2025072806;    9;   15.5;  80.0;eor
       5705;2025072812;    9;   19.3;  55.0;eor
       5705;2025072818;    9;   18.8;  61.0;eor
       5705;2025072906;    9;   14.9;  84.0;eor
       5705;2025072912;    9;   19.8;  48.0;eor
       5705;2025072918;    9;   19.1;  55.0;eor
       5705;2025073006;    9;   14.4;  93.0;eor
       5705;2025073012;    9;   17.5;  81.0;eor
       5705;2025073018;    9;   18.8;  57.0;eor
       5705;2025073106;    9;   14.9;  85.0;eor
       5705;2025073112;    9;   16.3;  78.0;eor
       5705;2025073118;    9;   18.1;  85.0;eor
       5705;2025080106;    9;   15.3;  95.0;eor
       5705;2025080112;    9;   19.9;  65.0;eor
       5705;2025080118;    9;   14.6;  90.0;eor
       5705;2025080206;    9;   14.5;  90.0;eor
       5705;2025080212;    9;   21.1;  57.0;eor
       5705;2025080218;    9;   19.9;  55.0;eor
       5705;2025080306;    9;   15.1;  82.0;eor
       5705;2025080312;    9;   14.8;  81.0;eor
       5705;2025080318;    9;   16.6;  71.0;eor
       5705;2025080406;    9;   13.1;  95.0;eor
       5705;2025080412;    9;   16.6;  88.0;eor
       5705;2025080418;    9;   19.6;  77.0;eor
       5705;2025080506;    9;   18.6;  78.0;eor
       5705;2025080512;    9;   21.3;  75.0;eor
       5705;2025080518;    9;   20.3;  53.0;eor
       5705;2025080606;    9;   11.7;  80.0;eor
       5705;2025080612;    9;   21.1;  48.0;eor
       5705;2025080618;    9;   19.7;  47.0;eor
       5705;2025080706;    9;   11.7;  84.0;eor
       5705;2025080712;    9;   24.0;  45.0;eor
       5705;2025080718;    9;   23.5;  42.0;eor
       5705;2025080806;    9;   16.4;  74.0;eor
       5705;2025080812;    9;   26.7;  44.0;eor
       5705;2025080818;    9;   26.3;  33.0;eor
       5705;2025080906;    9;   16.6;  84.0;eor
       5705;2025080912;    9;   29.1;  45.0;eor
       5705;2025080918;    9;   29.2;  39.0;eor
       5705;2025081006;    9;   19.0;  65.0;eor
       5705;2025081012;    9;   25.6;  37.0;eor
       5705;2025081018;    9;   24.4;  35.0;eor
       5705;2025081106;    9;   15.9;  67.0;eor
       5705;2025081112;    9;   25.8;  35.0;eor
       5705;2025081118;    9;   25.1;  36.0;eor
       5705;2025081206;    9;   16.3;  71.0;eor
       5705;2025081212;    9;   28.1;  37.0;eor
       5705;2025081218;    9;   27.7;  37.0;eor
       5705;2025081306;    9;   18.7;  65.0;eor
       5705;2025081312;    9;   31.5;  46.0;eor
       5705;2025081318;    9;   30.4;  42.0;eor
       5705;2025081406;    9;   19.2;  83.0;eor
       5705;2025081412;    9;   33.4;  36.0;eor
       5705;2025081418;    9;   32.4;  36.0;eor
       5705;2025081506;    9;   20.8;  78.0;eor
       5705;2025081512;    9;   33.7;  33.0;eor
       5705;2025081518;    9;   29.3;  56.0;eor
       5705;2025081606;    9;   20.8;  67.0;eor
       5705;2025081612;    9;   28.2;  42.0;eor
       5705;2025081618;    9;   23.8;  53.0;eor
       5705;2025081706;    9;   16.6;  66.0;eor
       5705;2025081712;    9;   23.8;  33.0;eor
       5705;2025081718;    9;   19.0;  56.0;eor
       5705;2025081806;    9;   13.8;  78.0;eor
       5705;2025081812;    9;   23.8;  42.0;eor
       5705;2025081818;    9;   23.3;  41.0;eor
       5705;2025081906;    9;   15.2;  70.0;eor
       5705;2025081912;    9;   26.3;  35.0;eor
       5705;2025081918;    9;   27.1;  30.0;eor
       5705;2025082006;    9;   15.4;  73.0;eor
       5705;2025082012;    9;   27.8;  31.0;eor
       5705;2025082018;    9;   25.9;  40.0;eor
       5705;2025082106;    9;   17.8;  64.0;eor
       5705;2025082112;    9;   25.4;  44.0;eor
       5705;2025082118;    9;   24.0;  39.0;eor
       5705;2025082206;    9;   14.4;  63.0;eor
       5705;2025082212;    9;   19.2;  44.0;eor
       5705;2025082218;    9;   17.2;  42.0;eor
       5705;2025082306;    9;   12.8;  66.0;eor
       5705;2025082312;    9;   16.0;  60.0;eor
       5705;2025082318;    9;   16.7;  53.0;eor
       5705;2025082406;    9;   12.0;  74.0;eor
       5705;2025082412;    9;   20.6;  39.0;eor
       5705;2025082418;    9;   19.8;  38.0;eor
       5705;2025082506;    9;    9.2;  77.0;eor
       5705;2025082512;    9;   22.4;  33.0;eor
       5705;2025082518;    9;   21.9;  26.0;eor
       5705;2025082606;    9;    9.9;  76.0;eor
       5705;2025082612;    9;   25.9;  28.0;eor
       5705;2025082618;    9;   24.3;  33.0;eor
       5705;2025082706;    9;   20.0;  73.0;eor
       5705;2025082712;    9;   27.5;  44.0;eor
       5705;2025082718;    9;   25.1;  53.0;eor
       5705;2025082806;    9;   17.6;  95.0;eor
       5705;2025082812;    9;   18.2;  94.0;eor
       5705;2025082818;    9;   19.1;  86.0;eor
       5705;2025082906;    9;   15.8;  95.0;eor
       5705;2025082912;    9;   22.4;  52.0;eor
       5705;2025082918;    9;   20.3;  55.0;eor
       5705;2025083006;    9;   13.8;  90.0;eor
       5705;2025083012;    9;   20.5;  56.0;eor
       5705;2025083018;    9;   19.2;  61.0;eor
       5705;2025083106;    9;   12.2;  90.0;eor
       5705;2025083112;    9;   23.5;  48.0;eor
       5705;2025083118;    9;   22.6;  50.0;eor
       5705;2025090106;    9;   13.5;  88.0;eor
       5705;2025090112;    9;   18.6;  73.0;eor
       5705;2025090118;    9;   18.3;  74.0;eor
       5705;2025090206;    9;   15.6;  89.0;eor
       5705;2025090212;    9;   19.6;  62.0;eor
       5705;2025090218;    9;   18.2;  56.0;eor
       5705;2025090306;    9;   14.8;  82.0;eor
       5705;2025090312;    9;   22.7;  56.0;eor
       5705;2025090318;    9;   20.9;  60.0;eor
       5705;2025090406;    9;   16.8;  87.0;eor
       5705;2025090412;    9;   26.2;  51.0;eor
       5705;2025090418;    9;   20.5;  75.0;eor
       5705;2025090506;    9;   14.6;  94.0;eor
       5705;2025090512;    9;   18.0;  68.0;eor
       5705;2025090518;    9;   16.1;  73.0;eor
       5705;2025090606;    9;   10.8;  99.0;eor
       5705;2025090612;    9;   20.9;  56.0;eor
       5705;2025090618;    9;   19.1;  58.0;eor
       5705;2025090706;    9;   12.2;  87.0;eor
       5705;2025090712;    9;   22.8;  49.0;eor
       5705;2025090718;    9;   20.1;  56.0;eor
       5705;2025090806;    9;   11.9;  87.0;eor
       5705;2025090812;    9;   21.0;  64.0;eor
       5705;2025090818;    9;   16.8;  92.0;eor
       5705;2025090906;    9;   12.5;  89.0;eor
       5705;2025090912;    9;   15.9;  92.0;eor
       5705;2025090918;    9;   15.1;  91.0;eor
       5705;2025091006;    9;   10.4;  99.0;eor
       5705;2025091012;    9;   13.4;  95.0;eor
       5705;2025091018;    9;   14.6;  89.0;eor
       5705;2025091106;    9;   10.6; 100.0;eor
       5705;2025091112;    9;   19.2;  58.0;eor
       5705;2025091118;    9;   16.4;  64.0;eor
       5705;2025091206;    9;   12.4;  94.0;eor
       5705;2025091212;    9;   18.6;  54.0;eor
       5705;2025091218;    9;   15.7;  54.0;eor
       5705;2025091306;    9;   11.6;  85.0;eor
       5705;2025091312;    9;   19.8;  54.0;eor
       5705;2025091318;    9;   17.8;  60.0;eor
       5705;2025091406;    9;   12.3;  95.0;eor
       5705;2025091412;    9;   17.9;  61.0;eor
       5705;2025091418;    9;   15.7;  69.0;eor
       5705;2025091506;    9;   17.9;  88.0;eor
       5705;2025091512;    9;   22.9;  63.0;eor
       5705;2025091518;    9;   18.2;  60.0;eor
       5705;2025091606;    9;   12.6;  72.0;eor
       5705;2025091612;    9;   16.1;  51.0;eor
       5705;2025091618;    9;   14.3;  67.0;eor
       5705;2025091706;    9;    9.8;  91.0;eor
       5705;2025091712;    9;   17.2;  56.0;eor
       5705;2025091718;    9;   16.2;  63.0;eor
       5705;2025091806;    9;   13.4;  80.0;eor
       5705;2025091812;    9;   23.7;  49.0;eor
       5705;2025091818;    9;   19.9;  61.0;eor
       5705;2025091906;    9;   12.2;  88.0;eor
       5705;2025091912;    9;   26.8;  38.0;eor
       5705;2025091918;    9;   22.5;  50.0;eor
       5705;2025092006;    9;   12.4;  92.0;eor
       5705;2025092012;    9;   29.1;  37.0;eor
       5705;2025092018;    9;   24.9;  53.0;eor
       5705;2025092106;    9;   15.7;  85.0;eor
       5705;2025092112;    9;   21.5;  60.0;eor
       5705;2025092118;    9;   13.0;  93.0;eor
       5705;2025092206;    9;   10.7;  95.0;eor
       5705;2025092212;    9;    9.7;  89.0;eor
       5705;2025092218;    9;   10.6;  84.0;eor
       5705;2025092306;    9;    9.7;  83.0;eor
       5705;2025092312;    9;   13.7;  60.0;eor
       5705;2025092318;    9;   13.2;  59.0;eor
       5705;2025092406;    9;   10.2;  68.0;eor
       5705;2025092412;    9;   11.5;  69.0;eor
       5705;2025092418;    9;    9.9;  94.0;eor
       5705;2025092506;    9;    8.6;  94.0;eor
       5705;2025092512;    9;    9.9;  95.0;eor
       5705;2025092518;    9;   10.4;  97.0;eor
       5705;2025092606;    9;    9.4;  92.0;eor
       5705;2025092612;    9;   12.1;  83.0;eor
       5705;2025092618;    9;   12.2;  88.0;eor
       5705;2025092706;    9;   11.7;  98.0;eor
       5705;2025092712;    9;   13.3;  92.0;eor
       5705;2025092718;    9;   12.6;  95.0;eor
       5705;2025092806;    9;   10.6;  97.0;eor
       5705;2025092812;    9;   14.9;  76.0;eor
       5705;2025092818;    9;   13.2;  85.0;eor
       5705;2025092906;    9;    9.5;  99.0;eor
       5705;2025092912;    9;   12.7;  91.0;eor
       5705;2025092918;    9;   13.4;  87.0;eor
       5705;2025093006;    9;   10.6;  98.0;eor
       5705;2025093012;    9;   13.4;  74.0;eor
       5705;2025093018;    9;   12.0;  71.0;eor
       5705;2025100106;    9;    4.9;  92.0;eor
       5705;2025100112;    9;   12.9;  53.0;eor
       5705;2025100118;    9;   10.8;  64.0;eor
       5705;2025100206;    9;    3.4;  97.0;eor
       5705;2025100212;    9;   13.0;  61.0;eor
       5705;2025100218;    9;    9.8;  68.0;eor
       5705;2025100306;    9;    1.4;  96.0;eor
       5705;2025100312;    9;   13.7;  49.0;eor
       5705;2025100318;    9;    9.9;  65.0;eor
       5705;2025100406;    9;    8.4;  91.0;eor
       5705;2025100412;    9;   15.7;  91.0;eor
       5705;2025100418;    9;    8.4;  78.0;eor
       5705;2025100506;    9;    8.6;  86.0;eor
       5705;2025100512;    9;   12.2;  73.0;eor
       5705;2025100518;    9;   10.6;  73.0;eor
       5705;2025100606;    9;    9.2;  81.0;eor
       5705;2025100612;    9;   11.3;  80.0;eor
       5705;2025100618;    9;   10.6;  90.0;eor
       5705;2025100706;    9;   10.8;  95.0;eor
       5705;2025100712;    9;   14.1;  80.0;eor
       5705;2025100718;    9;   13.4;  90.0;eor
       5705;2025100806;    9;   11.2;  94.0;eor
       5705;2025100812;    9;   16.7;  66.0;eor
       5705;2025100818;    9;   14.0;  84.0;eor
       5705;2025100906;    9;   11.4;  95.0;eor
       5705;2025100912;    9;   15.7;  69.0;eor
       5705;2025100918;    9;   13.8;  77.0;eor
       5705;2025101006;    9;    9.4;  89.0;eor
       5705;2025101012;    9;   13.5;  75.0;eor
       5705;2025101018;    9;   12.7;  83.0;eor
       5705;2025101106;    9;   11.0;  96.0;eor
       5705;2025101112;    9;   15.1;  73.0;eor
       5705;2025101118;    9;   14.1;  78.0;eor
       5705;2025101206;    9;   11.1;  85.0;eor
       5705;2025101212;    9;   13.1;  65.0;eor
       5705;2025101218;    9;   11.8;  73.0;eor
       5705;2025101306;    9;    9.8;  92.0;eor
       5705;2025101312;    9;   13.9;  85.0;eor
       5705;2025101318;    9;   12.6;  83.0;eor
       5705;2025101406;    9;    6.9; 100.0;eor
       5705;2025101412;    9;   13.6;  73.0;eor
       5705;2025101418;    9;   10.9;  77.0;eor
       5705;2025101506;    9;    9.9;  93.0;eor
       5705;2025101512;    9;   14.9;  67.0;eor
       5705;2025101518;    9;    9.9;  83.0;eor
       5705;2025101606;    9;    6.5; 100.0;eor
       5705;2025101612;    9;   11.1;  84.0;eor
       5705;2025101618;    9;   10.3;  90.0;eor
       5705;2025101706;    9;    8.8;  99.0;eor
       5705;2025101712;    9;   12.9;  74.0;eor
       5705;2025101718;    9;   11.7;  71.0;eor
       5705;2025101806;    9;    9.2;  85.0;eor
       5705;2025101812;    9;   12.6;  53.0;eor
       5705;2025101818;    9;    7.8;  67.0;eor
       5705;2025101906;    9;    3.5;  82.0;eor
       5705;2025101912;    9;    9.5;  69.0;eor
       5705;2025101918;    9;    8.7;  79.0;eor
       5705;2025102006;    9;    7.3;  91.0;eor
       5705;2025102012;    9;   12.2;  79.0;eor
       5705;2025102018;    9;   12.5;  87.0;eor
       5705;2025102106;    9;   11.0;  95.0;eor
       5705;2025102112;    9;   15.8;  59.0;eor
       5705;2025102118;    9;   12.2;  96.0;eor
       5705;2025102206;    9;   12.0;  97.0;eor
       5705;2025102212;    9;   15.2;  82.0;eor
       5705;2025102218;    9;   12.9;  97.0;eor
       5705;2025102306;    9;   13.7;  93.0;eor
       5705;2025102312;    9;   11.7;  87.0;eor
       5705;2025102318;    9;   10.8;  73.0;eor
       5705;2025102406;    9;    6.7;  88.0;eor
       5705;2025102412;    9;    9.7;  60.0;eor
       5705;2025102418;    9;    8.0;  70.0;eor
       5705;2025102506;    9;    7.0;  90.0;eor
       5705;2025102512;    9;    9.3;  90.0;eor
       5705;2025102518;    9;    9.6;  80.0;eor
       5705;2025102606;    9;    5.6;  78.0;eor
       5705;2025102612;    9;    8.9;  59.0;eor
       5705;2025102618;    9;    6.9;  64.0;eor
       5705;2025102706;    9;    6.0;  89.0;eor
       5705;2025102712;    9;   10.3;  68.0;eor
       5705;2025102718;    9;    8.0;  84.0;eor
       5705;2025102806;    9;    7.7;  87.0;eor
       5705;2025102812;    9;   11.5;  88.0;eor
       5705;2025102818;    9;   11.1;  75.0;eor
       5705;2025102906;    9;    9.9;  85.0;eor
       5705;2025102912;    9;   14.6;  62.0;eor
       5705;2025102918;    9;   11.1;  86.0;eor
       5705;2025103006;    9;   11.1;  87.0;eor
       5705;2025103012;    9;   12.3;  54.0;eor
       5705;2025103018;    9;    8.2;  73.0;eor
       5705;2025103106;    9;    1.4;  97.0;eor
       5705;2025103112;    9;   11.4;  61.0;eor
       5705;2025103118;    9;    9.5;  89.0;eor
       5705;2025110106;    9;    4.3; 100.0;eor
       5705;2025110112;    9;   10.8;  85.0;eor
       5705;2025110118;    9;   11.6;  96.0;eor
       5705;2025110206;    9;   10.0;  96.0;eor
       5705;2025110212;    9;   12.5;  81.0;eor
       5705;2025110218;    9;   10.2;  93.0;eor
       5705;2025110306;    9;    5.7;  92.0;eor
       5705;2025110312;    9;   10.0;  77.0;eor
       5705;2025110318;    9;    7.5;  89.0;eor
       5705;2025110406;    9;    7.3;  91.0;eor
       5705;2025110412;    9;   14.7;  59.0;eor
       5705;2025110418;    9;    9.6;  79.0;eor
       5705;2025110506;    9;    1.4;  99.0;eor
       5705;2025110512;    9;   10.8;  73.0;eor
       5705;2025110518;    9;    8.4;  87.0;eor
       5705;2025110606;    9;    0.9;  96.0;eor
       5705;2025110612;    9;    4.8;  96.0;eor
       5705;2025110618;    9;    5.1;  95.0;eor
       5705;2025110706;    9;    3.7;  95.0;eor
       5705;2025110712;    9;    3.9;  92.0;eor
       5705;2025110718;    9;    3.9;  93.0;eor
       5705;2025110806;    9;    2.9;  98.0;eor
       5705;2025110812;    9;    4.5;  83.0;eor
       5705;2025110818;    9;    4.6;  96.0;eor
       5705;2025110906;    9;    5.4;  98.0;eor
       5705;2025110912;    9;    7.6;  95.0;eor
       5705;2025110918;    9;    8.1;  98.0;eor
       5705;2025111006;    9;    7.6;  99.0;eor
       5705;2025111012;    9;   10.3;  86.0;eor
       5705;2025111018;    9;    7.4;  95.0;eor
       5705;2025111106;    9;    7.3;  92.0;eor
       5705;2025111112;    9;   12.1;  67.0;eor
       5705;2025111118;    9;    8.4;  88.0;eor
       5705;2025111206;    9;    2.0; 100.0;eor
       5705;2025111212;    9;    9.8;  75.0;eor
       5705;2025111218;    9;    7.8;  93.0;eor
       5705;2025111306;    9;    2.0; 100.0;eor
       5705;2025111312;    9;   12.3;  69.0;eor
       5705;2025111318;    9;    9.4;  87.0;eor
       5705;2025111406;    9;    4.9;  98.0;eor
       5705;2025111412;    9;    9.7;  82.0;eor
       5705;2025111418;    9;    9.2;  89.0;eor
       5705;2025111506;    9;    8.1;  94.0;eor
       5705;2025111512;    9;   11.2;  79.0;eor
       5705;2025111518;    9;    9.9;  86.0;eor
       5705;2025111606;    9;    6.3; 100.0;eor
       5705;2025111612;    9;   11.5;  77.0;eor
       5705;2025111618;    9;    7.9;  95.0;eor
       5705;2025111706;    9;    5.2;  93.0;eor
       5705;2025111712;    9;    5.2;  77.0;eor
       5705;2025111718;    9;    2.9;  85.0;eor
       5705;2025111806;    9;   -1.8;  95.0;eor
       5705;2025111812;    9;    3.8;  79.0;eor
       5705;2025111818;    9;    0.3;  90.0;eor
       5705;2025111906;    9;    0.0;  81.0;eor
       5705;2025111912;    9;    4.2;  66.0;eor
       5705;2025111918;    9;    2.7;  74.0;eor
       5705;2025112006;    9;    2.8;  87.0;eor
       5705;2025112012;    9;    3.3;  76.0;eor
       5705;2025112018;    9;   -0.1;  75.0;eor
       5705;2025112106;    9;   -5.2;  96.0;eor
       5705;2025112112;    9;    1.1;  65.0;eor
       5705;2025112118;    9;   -1.8;  80.0;eor
       5705;2025112206;    9;   -7.9;  92.0;eor
       5705;2025112212;    9;   -1.6;  74.0;eor
       5705;2025112218;    9;   -4.2;  85.0;eor
       5705;2025112306;    9;  -10.3;  91.0;eor
       5705;2025112312;    9;   -2.8;  76.0;eor
       5705;2025112318;    9;   -0.9;  71.0;eor
       5705;2025112406;    9;    1.3;  98.0;eor
       5705;2025112412;    9;    2.8; 100.0;eor
       5705;2025112418;    9;    3.5;  96.0;eor
       5705;2025112506;    9;    1.8;  99.0;eor
       5705;2025112512;    9;    4.7;  88.0;eor
       5705;2025112518;    9;    3.7;  93.0;eor
       5705;2025112606;    9;    2.9;  95.0;eor
       5705;2025112612;    9;    3.9;  82.0;eor
       5705;2025112618;    9;    1.5;  86.0;eor
       5705;2025112706;    9;    1.0;  90.0;eor
       5705;2025112712;    9;    3.6;  66.0;eor
       5705;2025112718;    9;    1.2;  79.0;eor
       5705;2025112806;    9;    2.0;  97.0;eor
       5705;2025112812;    9;    4.5;  84.0;eor
       5705;2025112818;    9;    4.6;  86.0;eor
       5705;2025112906;    9;    5.3;  99.0;eor
       5705;2025112912;    9;    7.3; 100.0;eor
       5705;2025112918;    9;    7.0;  96.0;eor
       5705;2025113006;    9;    3.6;  99.0;eor
       5705;2025113012;    9;    5.2;  96.0;eor
       5705;2025113018;    9;    5.3;  99.0;eor
       5705;2025120106;    9;    0.5;  96.0;eor
       5705;2025120112;    9;    1.8;  89.0;eor
       5705;2025120118;    9;   -0.9;  98.0;eor
       5705;2025120206;    9;   -0.8;  98.0;eor
       5705;2025120212;    9;   -999;-999;eor
       5705;2025120218;    9;    2.7;  91.0;eor
       5705;2025120306;    9;    0.7;  97.0;eor
       5705;2025120312;    9;    1.1;  91.0;eor
       5705;2025120318;    9;    1.1;  90.0;eor
       5705;2025120406;    9;    0.4;  92.0;eor
       5705;2025120412;    9;    1.1;  88.0;eor
       5705;2025120418;    9;    0.4;  92.0;eor
       5705;2025120506;    9;    0.4;  92.0;eor
       5705;2025120512;    9;    2.5;  86.0;eor
       5705;2025120518;    9;    3.2;  93.0;eor
       5705;2025120606;    9;   -0.6; 100.0;eor
       5705;2025120612;    9;    5.8;  85.0;eor
       5705;2025120618;    9;    6.2;  97.0;eor
       5705;2025120706;    9;    7.1;  95.0;eor
       5705;2025120712;    9;    9.6;  89.0;eor
       5705;2025120718;    9;    8.7;  93.0;eor
       5705;2025120806;    9;   11.9;  97.0;eor
       5705;2025120812;    9;   13.3;  87.0;eor
       5705;2025120818;    9;   12.8;  89.0;eor
       5705;2025120906;    9;    7.9;  99.0;eor
       5705;2025120912;    9;   13.9;  72.0;eor
       5705;2025120918;    9;    9.6;  86.0;eor
       5705;2025121006;    9;    5.4;  93.0;eor
       5705;2025121012;    9;    9.5;  85.0;eor
       5705;2025121018;    9;    9.4;  94.0;eor
       5705;2025121106;    9;    7.9; 100.0;eor
       5705;2025121112;    9;    9.9;  88.0;eor
       5705;2025121118;    9;    6.7;  97.0;eor
       5705;2025121206;    9;    4.4; 100.0;eor
       5705;2025121212;    9;    7.8;  90.0;eor
       5705;2025121218;    9;    7.3;  89.0;eor
       5705;2025121306;    9;    5.0; 100.0;eor
       5705;2025121312;    9;    5.3;  98.0;eor
       5705;2025121318;    9;    5.1; 100.0;eor
       5705;2025121406;    9;    5.0; 100.0;eor
       5705;2025121412;    9;    6.6;  93.0;eor
       5705;2025121418;    9;    6.1;  88.0;eor
       5705;2025121506;    9;    2.2;  96.0;eor
       5705;2025121512;    9;    2.1;  90.0;eor
       5705;2025121518;    9;    1.6;  96.0;eor
       5705;2025121606;    9;    0.0;  92.0;eor
       5705;2025121612;    9;    1.2;  86.0;eor
       5705;2025121618;    9;    1.0;  90.0;eor
       5705;2025121706;    9;    0.8;  93.0;eor
       5705;2025121712;    9;    4.0;  71.0;eor
       5705;2025121718;    9;    3.1;  87.0;eor
       5705;2025121806;    9;    0.0; 100.0;eor
       5705;2025121812;    9;    7.9;  75.0;eor
       5705;2025121818;    9;    5.1;  91.0;eor
       5705;2025121906;    9;    0.1;  98.0;eor
       5705;2025121912;    9;    4.4;  90.0;eor
       5705;2025121918;    9;    5.9;  91.0;eor
       5705;2025122006;    9;    3.8;  97.0;eor
       5705;2025122012;    9;    8.0;  77.0;eor
       5705;2025122018;    9;    6.6;  80.0;eor
       5705;2025122106;    9;    3.0;  91.0;eor
       5705;2025122112;    9;    6.5;  72.0;eor
       5705;2025122118;    9;    3.5;  80.0;eor
       5705;2025122206;    9;    1.9;  88.0;eor
       5705;2025122212;    9;    3.9;  81.0;eor
       5705;2025122218;    9;    3.6;  78.0;eor
       5705;2025122306;    9;    3.0;  81.0;eor
       5705;2025122312;    9;    4.2;  68.0;eor
       5705;2025122318;    9;    4.1;  70.0;eor
       5705;2025122406;    9;    0.9;  65.0;eor
       5705;2025122412;    9;    0.9;  67.0;eor
       5705;2025122418;    9;   -1.2;  66.0;eor
       5705;2025122506;    9;   -4.0;  76.0;eor
       5705;2025122512;    9;    1.3;  60.0;eor
       5705;2025122518;    9;   -0.8;  75.0;eor
       5705;2025122606;    9;   -3.7;  90.0;eor
       5705;2025122612;    9;    3.2;  66.0;eor
       5705;2025122618;    9;    1.1;  78.0;eor
       5705;2025122706;    9;   -2.6;  87.0;eor
       5705;2025122712;    9;    4.2;  47.0;eor
       5705;2025122718;    9;    1.8;  57.0;eor
       5705;2025122806;    9;   -2.5;  93.0;eor
       5705;2025122812;    9;    4.0;  67.0;eor
       5705;2025122818;    9;   -0.7;  82.0;eor
       5705;2025122906;    9;   -7.5;  91.0;eor
       5705;2025122912;    9;    0.6;  73.0;eor
       5705;2025122918;    9;    0.1;  91.0;eor
       5705;2025123006;    9;    0.1;  85.0;eor
       5705;2025123012;    9;    2.6;  48.0;eor
       5705;2025123018;    9;   -1.9;  62.0;eor
       5705;2025123106;    9;   -4.9;  81.0;eor
       5705;2025123112;    9;   -0.2;  80.0;eor
       5705;2025123118;    9;    1.3;  77.0;eor
       5705;2026010106;    3;   -0.7;  81.0;eor
       5705;2026010112;    3;    0.3;  75.0;eor
       5705;2026010118;    3;    0.0;  79.0;eor
       5705;2026010206;    3;   -0.3;  98.0;eor
       5705;2026010212;    3;    2.0;  67.0;eor
       5705;2026010218;    3;   -0.6;  89.0;eor
       5705;2026010306;    3;   -3.7;  90.0;eor
       5705;2026010312;    3;   -0.5;  68.0;eor
       5705;2026010318;    3;   -1.6;  79.0;eor
       5705;2026010406;    3;   -2.8;  81.0;eor
       5705;2026010412;    3;    0.3;  62.0;eor
       5705;2026010418;    3;   -2.5;  68.0;eor
       5705;2026010506;    3;   -3.7;  80.0;eor
       5705;2026010512;    3;   -1.4;  65.0;eor
       5705;2026010518;    3;   -5.9;  83.0;eor
       5705;2026010606;    3;   -6.8;  91.0;eor
       5705;2026010612;    3;   -3.3;  73.0;eor
       5705;2026010618;    3;   -4.0;  85.0;eor
       5705;2026010706;    3;   -5.9;  93.0;eor
       5705;2026010712;    3;   -2.8;  68.0;eor
       5705;2026010718;    3;   -6.8;  77.0;eor
       5705;2026010806;    3;   -1.8;  88.0;eor
       5705;2026010812;    3;   -0.1;  87.0;eor
       5705;2026010818;    3;    0.0;  98.0;eor
       5705;2026010906;    3;    2.6;  99.0;eor
       5705;2026010912;    3;    7.0;  63.0;eor
       5705;2026010918;    3;    4.4;  80.0;eor
       5705;2026011006;    3;    1.3;  95.0;eor
       5705;2026011012;    3;    1.6;  95.0;eor
       5705;2026011018;    3;   -3.6;  80.0;eor
       5705;2026011106;    3;   -8.9;  91.0;eor
       5705;2026011112;    3;   -3.3;  72.0;eor
       5705;2026011118;    3;   -4.2;  84.0;eor
       5705;2026011206;    3;   -2.6;  85.0;eor
       5705;2026011212;    3;    0.0;  99.0;eor
       5705;2026011218;    3;    2.1; 100.0;eor
       5705;2026011306;    3;    4.8;  94.0;eor
       5705;2026011312;    3;    6.7;  95.0;eor
       5705;2026011318;    3;    5.3;  99.0;eor
       5705;2026011406;    3;    1.7;  95.0;eor
       5705;2026011412;    3;   10.7;  73.0;eor
       5705;2026011418;    3;    8.1;  85.0;eor
       5705;2026011506;    3;    5.8;  99.0;eor
       5705;2026011512;    3;   10.0;  82.0;eor
       5705;2026011518;    3;    6.5;  92.0;eor
       5705;2026011606;    3;    0.8;  99.0;eor
       5705;2026011612;    3;    7.0;  73.0;eor
       5705;2026011618;    3;    5.9;  78.0;eor
       5705;2026011706;    3;    0.1;  91.0;eor
       5705;2026011712;    3;    0.8;  89.0;eor
       5705;2026011718;    3;    1.0;  87.0;eor
       5705;2026011806;    3;    1.6;  90.0;eor
       5705;2026011812;    3;    4.3;  76.0;eor
       5705;2026011818;    3;    2.3;  76.0;eor
       5705;2026011906;    3;   -0.8;  78.0;eor
       5705;2026011912;    3;    4.9;  53.0;eor
       5705;2026011918;    3;    3.4;  52.0;eor
       5705;2026012006;    3;   -2.6;  72.0;eor
       5705;2026012012;    3;    1.8;  54.0;eor
       5705;2026012018;    3;   -0.2;  68.0;eor
       5705;2026012106;    3;   -5.5;  81.0;eor
       5705;2026012112;    3;    0.0;  62.0;eor
       5705;2026012118;    3;   -1.7;  75.0;eor
       5705;2026012206;    3;   -6.7;  79.0;eor
       5705;2026012212;    3;   -2.8;  70.0;eor
       5705;2026012218;    3;   -4.6;  76.0;eor
       5705;2026012306;    3;   -6.1;  84.0;eor
       5705;2026012312;    3;   -1.6;  64.0;eor
       5705;2026012318;    3;   -1.7;  67.0;eor
       5705;2026012406;    3;   -4.7;  78.0;eor
       5705;2026012412;    3;   -1.4;  64.0;eor
       5705;2026012418;    3;   -3.4;  78.0;eor
       5705;2026012506;    3;   -2.6;  87.0;eor
       5705;2026012512;    3;   -1.0;  83.0;eor
       5705;2026012518;    3;   -1.4;  95.0;eor
       5705;2026012606;    3;   -2.0;  98.0;eor
       5705;2026012612;    3;    0.0;  95.0;eor
       5705;2026012618;    3;   -0.6;  97.0;eor
       5705;2026012706;    3;    0.0;  97.0;eor
       5705;2026012712;    3;    3.1;  75.0;eor
       5705;2026012718;    3;    1.1;  92.0;eor
       5705;2026012806;    3;    0.8;  98.0;eor
       5705;2026012812;    3;    3.5;  81.0;eor
       5705;2026012818;    3;    1.8;  89.0;eor
       5705;2026012906;    3;    0.0;  97.0;eor
       5705;2026012912;    3;    0.5;  91.0;eor
       5705;2026012918;    3;    0.1;  97.0;eor
       5705;2026013006;    3;    0.1;  98.0;eor
       5705;2026013012;    3;   -0.1;  97.0;eor
       5705;2026013018;    3;    1.4;  89.0;eor
       5705;2026013106;    3;    1.0;  94.0;eor
       5705;2026013112;    3;    1.6;  89.0;eor
       5705;2026013118;    3;    2.0;  88.0;eor
       5705;2026020100;    3;    1.2;  88.0;eor
       5705;2026020106;    3;    0.7;  93.0;eor
       5705;2026020112;    3;    2.5;  83.0;eor
       5705;2026020118;    3;    2.7;  80.0;eor
       5705;2026020200;    3;   -999;-999;eor
       5705;2026020206;    3;   -999;-999;eor
       5705;2026020212;    3;    2.0;  69.0;eor
       5705;2026020218;    3;    0.9;  81.0;eor
       5705;2026020300;    3;   -1.0;  85.0;eor
       5705;2026020306;    3;   -0.9;  84.0;eor
       5705;2026020312;    3;    1.9;  75.0;eor
       5705;2026020318;    3;    1.3;  92.0;eor
       5705;2026020400;    3;   -0.3;  98.0;eor
       5705;2026020406;    3;   -3.2;  97.0;eor
       5705;2026020412;    3;    2.7;  82.0;eor
       5705;2026020418;    3;    2.3;  86.0;eor
       5705;2026020500;    3;    1.5;  87.0;eor
       5705;2026020506;    3;    1.4;  88.0;eor
       5705;2026020512;    3;    2.0;  86.0;eor
       5705;2026020518;    3;    1.2;  89.0;eor
       5705;2026020600;    3;    1.2;  89.0;eor
       5705;2026020606;    3;    0.7;  90.0;eor
       5705;2026020612;    3;    1.8;  86.0;eor
       5705;2026020618;    3;    1.4;  93.0;eor
       5705;2026020700;    3;    1.6;  98.0;eor
       5705;2026020706;    3;    1.7;  99.0;eor
       5705;2026020712;    3;    4.4;  94.0;eor
       5705;2026020718;    3;    4.5;  95.0;eor
       5705;2026020800;    3;    3.4;  99.0;eor
       5705;2026020806;    3;    3.0; 100.0;eor
       5705;2026020812;    3;    5.0;  87.0;eor
       5705;2026020818;    3;    2.6;  94.0;eor
       5705;2026020900;    3;    2.0;  99.0;eor
       5705;2026020906;    3;    1.6; 100.0;eor
       5705;2026020912;    3;    5.1;  80.0;eor
       5705;2026020918;    3;    5.0;  74.0;eor
       5705;2026021000;    3;    3.3;  81.0;eor
       5705;2026021006;    3;    0.3;  93.0;eor
       5705;2026021012;    3;    6.0;  73.0;eor
       5705;2026021018;    3;    5.9;  80.0;eor
       5705;2026021100;    3;    4.9;  87.0;eor
       5705;2026021106;    3;    5.5; 100.0;eor
       5705;2026021112;    3;    9.0;  94.0;eor
       5705;2026021118;    3;    8.9;  94.0;eor
       5705;2026021200;    3;    6.6;  94.0;eor
       5705;2026021206;    3;    5.9;  94.0;eor
       5705;2026021212;    3;   10.0;  78.0;eor
       5705;2026021218;    3;    7.7;  86.0;eor
       5705;2026021300;    3;    7.0;  89.0;eor
       5705;2026021306;    3;    6.3;  88.0;eor
       5705;2026021312;    3;    8.1;  71.0;eor
       5705;2026021318;    3;    7.0;  83.0;eor
       5705;2026021400;    3;    4.1;  97.0;eor
       5705;2026021406;    3;    3.8;  95.0;eor
       5705;2026021412;    3;    2.6;  83.0;eor
       5705;2026021418;    3;    1.1;  75.0;eor
       5705;2026021500;    3;    0.4;  73.0;eor
       5705;2026021506;    3;   -0.5;  77.0;eor
       5705;2026021512;    3;    1.7;  51.0;eor
       5705;2026021518;    3;    0.1;  68.0;eor
       5705;2026021600;    3;   -1.1;  98.0;eor
       5705;2026021606;    3;    0.7;  99.0;eor
       5705;2026021612;    3;    7.3;  71.0;eor
       5705;2026021618;    3;    3.7;  94.0;eor
       5705;2026021700;    3;    2.6;  94.0;eor
       5705;2026021706;    3;    2.2;  91.0;eor
       5705;2026021712;    3;    3.9;  88.0;eor
       5705;2026021718;    3;    2.5;  89.0;eor
       5705;2026021800;    3;    2.3;  78.0;eor
       5705;2026021806;    3;    0.9;  83.0;eor
       5705;2026021812;    3;    3.1;  67.0;eor
       5705;2026021818;    3;    2.3;  69.0;eor
       5705;2026021900;    3;    1.6;  69.0;eor
       5705;2026021906;    3;   -0.6;  97.0;eor
       5705;2026021912;    3;    0.3;  97.0;eor
       5705;2026021918;    3;    0.5;  96.0;eor
       5705;2026022000;    1;    0.2;  83.0;eor
       5705;2026022006;    1;   -3.5;  82.0;eor
       5705;2026022012;    1;    2.3;  62.0;eor
       5705;2026022018;    1;    1.7;  88.0;eor
       5705;2026022100;    1;    3.2;  95.0;eor
       5705;2026022106;    1;    5.0;  96.0;eor
       5705;2026022112;    1;    8.8;  78.0;eor
       5705;2026022118;    1;    7.3;  97.0;eor
       5705;2026022200;    1;    8.7;  93.0;eor
       5705;2026022206;    1;    8.7;  95.0;eor
       5705;2026022212;    1;   11.4;  84.0;eor
       5705;2026022218;    1;    9.8;  94.0;eor
       5705;2026022300;    1;    9.8;  89.0;eor
       5705;2026022306;    1;    9.1;  90.0;eor
       5705;2026022312;    1;   11.3;  71.0;eor
       5705;2026022318;    1;   10.1;  63.0;eor
       5705;2026022400;    1;    9.3;  72.0;eor
       5705;2026022406;    1;    7.2;  96.0;eor
       5705;2026022412;    1;   10.8;  75.0;eor
       5705;2026022418;    1;    9.1;  89.0;eor
       5705;2026022500;    1;    7.2;  98.0;eor
       5705;2026022506;    1;    6.4; 100.0;eor
       5705;2026022512;    1;    6.9;  98.0;eor
       5705;2026022518;    1;    7.4;  95.0;eor
       5705;2026022600;    1;    6.7;  94.0;eor
       5705;2026022606;    1;    6.1; 100.0;eor
       5705;2026022612;    1;    8.8;  89.0;eor
       5705;2026022618;    1;   -999;-999;eor
       5705;2026022700;    1;   -999;-999;eor
       5705;2026022706;    1;   -999;-999;eor
       5705;2026022712;    1;   11.9;  73.0;eor
       5705;2026022718;    1;   14.1;  77.0;eor
       5705;2026022800;    1;    7.7;  90.0;eor
       5705;2026022806;    1;    3.1;  98.0;eor
       5705;2026022812;    1;   14.4;  54.0;eor
       5705;2026022818;    1;   11.2;  60.0;eor
       5705;2026030100;    1;    6.1;  77.0;eor
       5705;2026030106;    1;    3.7;  92.0;eor
       5705;2026030112;    1;   12.4;  53.0;eor
       5705;2026030118;    1;    9.1;  60.0;eor
       5705;2026030200;    1;    4.6;  85.0;eor
       5705;2026030206;    1;    1.2;  96.0;eor
       5705;2026030212;    1;   12.2;  54.0;eor
       5705;2026030218;    1;   -999;-999;eor
       5705;2026030300;    1;   -999;-999;eor
       5705;2026030306;    1;   -999;-999;eor
       5705;2026030312;    1;   12.1;  63.0;eor
       5705;2026030318;    1;   11.0;  65.0;eor
       5705;2026030400;    1;    4.4;  91.0;eor
       5705;2026030406;    1;    1.7;  98.0;eor
       5705;2026030412;    1;   12.9;  56.0;eor
       5705;2026030418;    1;   -999;-999;eor
       5705;2026030500;    1;   -999;-999;eor
       5705;2026030506;    1;   -999;-999;eor
       5705;2026030512;    1;   14.0;  53.0;eor
       5705;2026030518;    1;   11.7;  55.0;eor
       5705;2026030600;    1;    6.3;  74.0;eor
       5705;2026030606;    1;    2.4;  86.0;eor
       5705;2026030612;    1;   13.7;  51.0;eor
       5705;2026030618;    1;   13.1;  54.0;eor
       5705;2026030700;    1;    5.3;  83.0;eor
       5705;2026030706;    1;    2.3;  94.0;eor
       5705;2026030712;    1;   15.1;  48.0;eor
       5705;2026030718;    1;   13.3;  47.0;eor
       5705;2026030800;    1;    5.7;  78.0;eor
       5705;2026030806;    1;    2.7;  88.0;eor
       5705;2026030812;    1;   13.8;  56.0;eor
       5705;2026030818;    1;   12.4;  60.0;eor
       5705;2026030900;    1;    5.9;  89.0;eor
       5705;2026030906;    1;    2.3;  97.0;eor
       5705;2026030912;    1;   13.8;  57.0;eor
       5705;2026030918;    1;   13.2;  56.0;eor
       5705;2026031000;    1;    6.1;  85.0;eor
       5705;2026031006;    1;    2.9;  95.0;eor
       5705;2026031012;    1;   17.6;  53.0;eor
       5705;2026031018;    1;   13.6;  54.0;eor
       5705;2026031100;    1;    9.7;  89.0;eor
       5705;2026031106;    1;    7.6;  92.0;eor
       5705;2026031112;    1;   12.7;  66.0;eor
       5705;2026031118;    1;   10.0;  85.0;eor
       5705;2026031200;    1;    8.6;  94.0;eor
       5705;2026031206;    1;    5.5;  94.0;eor
       5705;2026031212;    1;   10.8;  64.0;eor
       5705;2026031218;    1;    8.9;  61.0;eor
       5705;2026031300;    1;    3.4;  87.0;eor
       5705;2026031306;    1;    2.2;  86.0;eor
       5705;2026031312;    1;   13.3;  50.0;eor
       5705;2026031318;    1;   12.1;  59.0;eor
       5705;2026031400;    1;    9.3;  67.0;eor
       5705;2026031406;    1;    8.1;  83.0;eor
       5705;2026031412;    1;    6.6;  80.0;eor
       5705;2026031418;    1;    5.5;  70.0;eor
       5705;2026031500;    1;    4.2;  85.0;eor
       5705;2026031506;    1;    3.7;  86.0;eor
       5705;2026031512;    1;    6.7;  72.0;eor
       5705;2026031518;    1;    6.2;  75.0;eor
       5705;2026031600;    1;    2.8;  88.0;eor
       5705;2026031606;    1;    4.0;  72.0;eor
       5705;2026031612;    1;    6.2;  72.0;eor
       5705;2026031618;    1;    4.1;  94.0;eor
       5705;2026031700;    1;    1.8;  96.0;eor
       5705;2026031706;    1;    3.0;  99.0;eor
       5705;2026031712;    1;    8.4;  80.0;eor
       5705;2026031718;    1;    7.8;  77.0;eor
       5705;2026031800;    1;    4.6;  71.0;eor
       5705;2026031806;    1;    1.2;  78.0;eor
       5705;2026031812;    1;   11.4;  55.0;eor
       5705;2026031818;    1;   10.9;  55.0;eor
       5705;2026031900;    1;    6.3;  72.0;eor
       5705;2026031906;    1;    4.2;  77.0;eor
       5705;2026031912;    1;   13.9;  37.0;eor
       5705;2026031918;    1;   11.4;  47.0;eor
       5705;2026032000;    1;    5.7;  69.0;eor
       5705;2026032006;    1;    1.8;  86.0;eor
       5705;2026032012;    1;   13.5;  42.0;eor
       5705;2026032018;    1;   12.2;  48.0;eor
       5705;2026032100;    1;    7.3;  73.0;eor
       5705;2026032106;    1;    4.7;  80.0;eor
       5705;2026032112;    1;   12.0;  48.0;eor
       5705;2026032118;    1;    8.6;  68.0;eor
       5705;2026032200;    1;    5.9;  84.0;eor
       5705;2026032206;    1;    3.1;  87.0;eor
       5705;2026032212;    1;   13.1;  40.0;eor
       5705;2026032218;    1;   11.3;  46.0;eor
       5705;2026032300;    1;    6.4;  64.0;eor
       5705;2026032306;    1;    2.5;  79.0;eor
       5705;2026032312;    1;   13.9;  31.0;eor
       5705;2026032318;    1;   12.5;  36.0;eor
       5705;2026032400;    1;    5.3;  67.0;eor
       5705;2026032406;    1;    1.0;  83.0;eor
       5705;2026032412;    1;   14.8;  31.0;eor
       5705;2026032418;    1;   12.7;  43.0;eor
       5705;2026032500;    1;    8.7;  59.0;eor
       5705;2026032506;    1;    9.9;  56.0;eor
       5705;2026032512;    1;    8.3;  76.0;eor
       5705;2026032518;    1;    3.8;  92.0;eor
       5705;2026032600;    1;    3.2;  89.0;eor
       5705;2026032606;    1;    2.4;  84.0;eor
       5705;2026032612;    1;    7.7;  47.0;eor
       5705;2026032618;    1;    2.4;  88.0;eor
       5705;2026032700;    1;    0.1;  81.0;eor
       5705;2026032706;    1;   -1.5;  87.0;eor
       5705;2026032712;    1;    5.3;  49.0;eor
       5705;2026032718;    1;    5.0;  45.0;eor
       5705;2026032800;    1;   -1.0;  78.0;eor
       5705;2026032806;    1;   -2.7;  82.0;eor
       5705;2026032812;    1;    5.6;  55.0;eor
       5705;2026032818;    1;    1.6;  96.0;eor
       5705;2026032900;    1;    3.1;  90.0;eor
       5705;2026032906;    1;    1.6;  91.0;eor
       5705;2026032912;    1;    8.7;  48.0;eor
       5705;2026032918;    1;    5.5;  62.0;eor
       5705;2026033000;    1;    5.2;  68.0;eor
       5705;2026033006;    1;    3.3;  89.0;eor
       5705;2026033012;    1;    8.5;  66.0;eor
       5705;2026033018;    1;    5.8;  67.0;eor
       5705;2026033100;    1;    3.0;  82.0;eor
       5705;2026033106;    1;    3.1;  83.0;eor
       5705;2026033112;    1;    5.8;  67.0;eor
       5705;2026033118;    1;    6.2;  67.0;eor
       5705;2026040100;    1;    5.2;  80.0;eor
       5705;2026040106;    1;    2.8;  90.0;eor
       5705;2026040112;    1;    8.2;  61.0;eor
       5705;2026040118;    1;    7.0;  55.0;eor
       5705;2026040200;    1;    1.4;  82.0;eor
       5705;2026040206;    1;   -0.1;  83.0;eor
       5705;2026040212;    1;   11.4;  42.0;eor
       5705;2026040218;    1;   11.6;  36.0;eor
       5705;2026040300;    1;    5.2;  69.0;eor
       5705;2026040306;    1;    5.3;  84.0;eor
       5705;2026040312;    1;   11.1;  63.0;eor
       5705;2026040318;    1;   11.0;  47.0;eor
       5705;2026040400;    1;   10.9;  58.0;eor
       5705;2026040406;    1;   10.4;  81.0;eor
       5705;2026040412;    1;   13.3;  70.0;eor
       5705;2026040418;    1;   13.9;  72.0;eor
       5705;2026040500;    1;    8.9;  94.0;eor
       5705;2026040506;    1;    7.2;  92.0;eor
       5705;2026040512;    1;   19.6;  40.0;eor
       5705;2026040518;    1;   14.4;  53.0;eor
       5705;2026040600;    1;    9.9;  52.0;eor
       5705;2026040606;    1;    6.6;  67.0;eor
       5705;2026040612;    1;   13.2;  40.0;eor
       5705;2026040618;    1;   12.8;  40.0;eor
       5705;2026040700;    1;    6.0;  70.0;eor
       5705;2026040706;    1;    3.8;  74.0;eor
       5705;2026040712;    1;   15.1;  34.0;eor
       5705;2026040718;    1;   14.3;  34.0;eor
       5705;2026040800;    1;    6.9;  49.0;eor
       5705;2026040806;    1;    5.1;  60.0;eor
       5705;2026040812;    1;   15.4;  25.0;eor
       5705;2026040818;    1;   14.2;  28.0;eor
       5705;2026040900;    1;    7.1;  52.0;eor
       5705;2026040906;    1;    4.4;  61.0;eor
       5705;2026040912;    1;   15.3;  32.0;eor
       5705;2026040918;    1;   14.6;  36.0;eor
       5705;2026041000;    1;    9.6;  59.0;eor
       5705;2026041006;    1;    8.3;  88.0;eor
       5705;2026041012;    1;   12.5;  53.0;eor
       5705;2026041018;    1;   10.8;  45.0;eor
       5705;2026041100;    1;    6.7;  64.0;eor
       5705;2026041106;    1;    6.7;  82.0;eor
       5705;2026041112;    1;   16.2;  44.0;eor
       5705;2026041118;    1;   15.9;  47.0;eor
       5705;2026041200;    1;   12.1;  74.0;eor
       5705;2026041206;    1;    7.9;  89.0;eor
       5705;2026041212;    1;    8.3;  83.0;eor
       5705;2026041218;    1;    8.0;  94.0;eor
       5705;2026041300;    1;    7.7;  95.0;eor
       5705;2026041306;    1;    7.2;  94.0;eor
       5705;2026041312;    1;   12.2;  67.0;eor
       5705;2026041318;    1;   12.3;  69.0;eor
       5705;2026041400;    1;    9.5;  85.0;eor
       5705;2026041406;    1;    7.7;  92.0;eor
       5705;2026041412;    1;   11.0;  68.0;eor
       5705;2026041418;    1;   11.4;  68.0;eor
       5705;2026041500;    1;    8.2;  87.0;eor
       5705;2026041506;    1;    6.8;  86.0;eor
       5705;2026041512;    1;   15.4;  55.0;eor
       5705;2026041518;    1;   14.4;  69.0;eor
       5705;2026041600;    1;   10.4;  87.0;eor
       5705;2026041606;    1;   10.4;  85.0;eor
       5705;2026041612;    1;   17.8;  56.0;eor
       5705;2026041618;    1;   17.3;  54.0;eor
       5705;2026041700;    1;   11.0;  85.0;eor
       5705;2026041706;    1;    9.1;  87.0;eor
       5705;2026041712;    1;   20.3;  41.0;eor
       5705;2026041718;    1;   19.2;  42.0;eor
       5705;2026041800;    1;   11.7;  78.0;eor
       5705;2026041806;    1;   10.0;  88.0;eor
       5705;2026041812;    1;   21.4;  37.0;eor
       5705;2026041818;    1;   18.8;  52.0;eor
       5705;2026041900;    1;   12.4;  83.0;eor
       5705;2026041906;    1;    9.9;  93.0;eor
       5705;2026041912;    1;   12.8;  69.0;eor
       5705;2026041918;    1;   12.4;  50.0;eor
       5705;2026042000;    1;    6.4;  82.0;eor
       5705;2026042006;    1;    6.0;  80.0;eor
       5705;2026042012;    1;   13.1;  47.0;eor
       5705;2026042018;    1;   11.0;  50.0;eor
       5705;2026042100;    1;    6.6;  77.0;eor
       5705;2026042106;    1;    6.8;  81.0;eor
       5705;2026042112;    1;   13.4;  52.0;eor
       5705;2026042118;    1;   10.6;  47.0;eor
       5705;2026042200;    1;    4.9;  70.0;eor
       5705;2026042206;    1;    5.5;  65.0;eor
       5705;2026042212;    1;   15.1;  32.0;eor
       5705;2026042218;    1;   13.9;  36.0;eor
       5705;2026042300;    1;    4.8;  70.0;eor
       5705;2026042306;    1;    3.9;  77.0;eor
       5705;2026042312;    1;   18.7;  22.0;eor
       5705;2026042318;    1;   18.0;  25.0;eor
       5705;2026042400;    1;    9.3;  51.0;eor
       5705;2026042406;    1;    5.4;  70.0;eor
       5705;2026042412;    1;   19.4;  26.0;eor
       5705;2026042418;    1;   18.2;  29.0;eor
       5705;2026042500;    1;    8.9;  66.0;eor
       5705;2026042506;    1;    6.1;  76.0;eor
       5705;2026042512;    1;   19.1;  31.0;eor
       5705;2026042518;    1;   18.3;  22.0;eor
       5705;2026042600;    1;    9.9;  50.0;eor
       5705;2026042606;    1;    8.3;  60.0;eor
       5705;2026042612;    1;   14.6;  29.0;eor
       5705;2026042618;    1;   14.4;  37.0;eor
       5705;2026042700;    1;    6.5;  65.0;eor
       5705;2026042706;    1;    6.5;  64.0;eor
       5705;2026042712;    1;   16.8;  27.0;eor
       5705;2026042718;    1;   16.7;  29.0;eor
       5705;2026042800;    1;   10.1;  53.0;eor
       5705;2026042806;    1;   10.4;  51.0;eor
       5705;2026042812;    1;   20.5;  29.0;eor
       5705;2026042818;    1;   16.6;  39.0;eor
       5705;2026042900;    1;    9.7;  39.0;eor
       5705;2026042906;    1;    8.3;  44.0;eor
       5705;2026042912;    1;   17.2;  24.0;eor
       5705;2026042918;    1;   13.8;  28.0;eor
       5705;2026043000;    1;    6.5;  43.0;eor
       5705;2026043006;    1;    5.7;  42.0;eor
       5705;2026043012;    1;   15.3;  21.0;eor
       5705;2026043018;    1;   15.2;  23.0;eor
       5705;2026050100;    1;    8.8;  46.0;eor
       5705;2026050106;    1;    8.1;  54.0;eor
       5705;2026050112;    1;   20.8;  27.0;eor
       5705;2026050118;    1;   20.2;  30.0;eor
       5705;2026050200;    1;    9.9;  67.0;eor
       5705;2026050206;    1;   10.2;  63.0;eor
       5705;2026050212;    1;   23.9;  25.0;eor
       5705;2026050218;    1;   23.5;  25.0;eor
       5705;2026050300;    1;   12.3;  69.0;eor
       5705;2026050306;    1;    9.8;  80.0;eor
       5705;2026050312;    1;   23.2;  31.0;eor
       5705;2026050318;    1;   22.0;  39.0;eor
